3 0.0741285174296514 0.05952380952380952 0.009659806803863923 0.023809523809523808
5 0.19067618647627047 0.05631868131868132 0.004199916001679967 0.015567765567765568
3 0.07601847963040739 0.5398351648351648 0.01007979840403192 0.022893772893772892
0 0.029609407811843763 0.7788461538461539 0.01133977320453591 0.0173992673992674
0 0.15434691306173876 0.924908424908425 0.007979840403191937 0.023809523809523808
5 0.2774044519109618 0.5641025641025641 0.007979840403191937 0.009157509157509158
3 0.23666526669466612 0.29853479853479853 0.010499790004199917 0.02197802197802198
3 0.23666526669466612 0.3282967032967033 0.010499790004199917 0.021062271062271064
3 0.23666526669466612 0.3585164835164835 0.010499790004199917 0.021062271062271064
0 0.3292734145317094 0.39972527472527475 0.008399832003359933 0.024725274725274724
0 0.3372532549349013 0.15934065934065933 0.010919781604367913 0.018315018315018316
0 0.42062158756824863 0.06043956043956044 0.007979840403191937 0.023809523809523808
0 0.5178496430071399 0.15888278388278387 0.010919781604367913 0.0173992673992674
0 0.6713565728685427 0.2174908424908425 0.007979840403191937 0.022893772893772892
0 0.9689206215875682 0.35210622710622713 0.010919781604367913 0.0173992673992674
0 0.5554388912221756 0.924908424908425 0.007979840403191937 0.023809523809523808
0 0.5871482570348593 0.4001831501831502 0.008399832003359933 0.023809523809523808