0 0.9637096774193549 0.1603356890459364 0.02903225806451613 0.022084805653710248
0 0.8294354838709678 0.16696113074204946 0.02338709677419355 0.030035335689045935
0 0.8661290322580645 0.2504416961130742 0.02903225806451613 0.02561837455830389
0 0.7350806451612903 0.325530035335689 0.028225806451612902 0.02561837455830389
0 0.7520161290322581 0.45185512367491165 0.02338709677419355 0.030918727915194347
0 0.6858870967741936 0.5401943462897526 0.02338709677419355 0.030918727915194347
0 0.619758064516129 0.4730565371024735 0.028225806451612902 0.02561837455830389
0 0.5741935483870968 0.4620141342756184 0.027419354838709678 0.024734982332155476
0 0.521774193548387 0.6037985865724381 0.02258064516129032 0.030918727915194347
0 0.4181451612903226 0.536660777385159 0.028225806451612902 0.02561837455830389
0 0.20040322580645162 0.5825971731448764 0.02338709677419355 0.030918727915194347
0 0.3588709677419355 0.8440812720848057 0.02903225806451613 0.022084805653710248
0 0.6290322580645161 0.9514134275618374 0.01935483870967742 0.03180212014134275
0 0.9862903225806452 0.9182862190812721 0.01935483870967742 0.030918727915194347
0 0.23588709677419356 0.9456713780918727 0.028225806451612902 0.02561837455830389