0 0.03104575163398693 0.04257907542579075 0.005991285403050109 0.015815085158150853
0 0.0528322440087146 0.06599756690997567 0.005991285403050109 0.015206812652068127
0 0.02382897603485839 0.1362530413625304 0.007352941176470588 0.01338199513381995
0 0.04561546840958606 0.19038929440389293 0.006263616557734205 0.015815085158150853
0 0.0661764705882353 0.2086374695863747 0.005991285403050109 0.015815085158150853
0 0.02382897603485839 0.2518248175182482 0.007352941176470588 0.01338199513381995
0 0.056372549019607844 0.3220802919708029 0.005991285403050109 0.015206812652068127
0 0.09272875816993464 0.2913625304136253 0.006808278867102397 0.01338199513381995
0 0.03812636165577342 0.33972019464720193 0.005991285403050109 0.015206812652068127
0 0.05855119825708061 0.33911192214111924 0.005991285403050109 0.015206812652068127
0 0.023965141612200435 0.38290754257907544 0.007080610021786492 0.012773722627737226
0 0.04520697167755991 0.4187956204379562 0.005991285403050109 0.015206812652068127
0 0.06399782135076253 0.4194038929440389 0.005991285403050109 0.015206812652068127
3 0.09300108932461873 0.3981143552311436 0.006808278867102397 0.015206812652068127
0 0.056372549019607844 0.4367396593673966 0.005991285403050109 0.015815085158150853
0 0.024101307189542485 0.4732360097323601 0.006808278867102397 0.01338199513381995
0 0.02382897603485839 0.5188564476885644 0.006808278867102397 0.01338199513381995
0 0.03104575163398693 0.5489659367396593 0.005991285403050109 0.015206812652068127
0 0.05038126361655773 0.5489659367396593 0.005991285403050109 0.015206812652068127
0 0.06331699346405228 0.5477493917274939 0.005718954248366013 0.015206812652068127
0 0.1349400871459695 0.4811435523114355 0.006808278867102397 0.01338199513381995
0 0.12282135076252723 0.4260948905109489 0.007080610021786492 0.012773722627737226
0 0.1613562091503268 0.4601581508515815 0.005718954248366013 0.015206812652068127
0 0.1556372549019608 0.3594890510948905 0.006808278867102397 0.012165450121654502
0 0.15590958605664487 0.32299270072992703 0.006808278867102397 0.01338199513381995
0 0.13303376906318082 0.3217761557177616 0.006808278867102397 0.01338199513381995
0 0.12282135076252723 0.20498783454987834 0.007080610021786492 0.01338199513381995
0 0.09300108932461873 0.09884428223844283 0.006808278867102397 0.012773722627737226
0 0.1469226579520697 0.0690389294403893 0.005718954248366013 0.015206812652068127
0 0.1741557734204793 0.06934306569343066 0.005718954248366013 0.015815085158150853
0 0.20152505446623092 0.06934306569343066 0.005991285403050109 0.015815085158150853
0 0.22848583877995643 0.06934306569343066 0.005991285403050109 0.015815085158150853
0 0.23188997821350762 0.04257907542579075 0.005718954248366013 0.015815085158150853
5 0.29520697167755994 0.07086374695863747 0.005991285403050109 0.007907542579075427
0 0.24251089324618735 0.1356447688564477 0.006808278867102397 0.01338199513381995
0 0.2529956427015251 0.15632603406326034 0.007080610021786492 0.01338199513381995
0 0.22875816993464052 0.20316301703163017 0.005991285403050109 0.015815085158150853
0 0.20206971677559912 0.20316301703163017 0.005991285403050109 0.015815085158150853
0 0.22399237472766884 0.2208029197080292 0.005718954248366013 0.015815085158150853
0 0.2529956427015251 0.2706812652068126 0.007080610021786492 0.01338199513381995
0 0.2800925925925926 0.34610705596107055 0.005718954248366013 0.015815085158150853
5 0.2531318082788671 0.33941605839416056 0.006263616557734205 0.0072992700729927005
5 0.36451525054466233 0.4720194647201946 0.003540305010893246 0.01338199513381995
0 0.2667483660130719 0.4489051094890511 0.005718954248366013 0.015815085158150853
0 0.28649237472766886 0.4726277372262774 0.005991285403050109 0.015815085158150853
0 0.3415032679738562 0.4528588807785888 0.005991285403050109 0.015206812652068127
0 0.34368191721132896 0.4726277372262774 0.005991285403050109 0.015815085158150853
0 0.39760348583877997 0.45316301703163014 0.005991285403050109 0.015815085158150853
0 0.397739651416122 0.4726277372262774 0.006263616557734205 0.015815085158150853
0 0.4537037037037037 0.4528588807785888 0.005991285403050109 0.015206812652068127
0 0.45206971677559915 0.4726277372262774 0.005991285403050109 0.015815085158150853
0 0.1875 0.6243917274939172 0.006263616557734205 0.015206812652068127
0 0.08442265795206971 0.6757907542579076 0.005991285403050109 0.015815085158150853
0 0.09504357298474946 0.6958637469586375 0.005991285403050109 0.015815085158150853
0 0.10648148148148148 0.6763990267639902 0.005991285403050109 0.015815085158150853
0 0.12608932461873637 0.6958637469586375 0.005991285403050109 0.015815085158150853
0 0.05324074074074074 0.6958637469586375 0.005718954248366013 0.015815085158150853
0 0.04806644880174292 0.6958637469586375 0.005718954248366013 0.015815085158150853
0 0.023965141612200435 0.7031630170316302 0.007080610021786492 0.01338199513381995
0 0.023965141612200435 0.8406326034063261 0.007080610021786492 0.01338199513381995
0 0.023965141612200435 0.8552311435523114 0.007080610021786492 0.01338199513381995
0 0.06699346405228758 0.9537712895377128 0.005991285403050109 0.015815085158150853
0 0.09095860566448802 0.9537712895377128 0.005991285403050109 0.015815085158150853
0 0.09667755991285402 0.9537712895377128 0.005991285403050109 0.015815085158150853
5 0.18722766884531591 0.8731751824817519 0.006263616557734205 0.007907542579075427
5 0.2957516339869281 0.948905109489051 0.006535947712418301 0.00851581508515815
5 0.45275054466230935 0.9482968369829684 0.006263616557734205 0.00851581508515815
5 0.5328159041394336 0.9498175182481752 0.006263616557734205 0.007907542579075427
5 0.6889978213507625 0.9498175182481752 0.005991285403050109 0.007907542579075427
5 0.8259803921568627 0.7049878345498783 0.0032679738562091504 0.01338199513381995
5 0.9057734204793029 0.7049878345498783 0.003812636165577342 0.01338199513381995
5 0.9636437908496732 0.4732360097323601 0.006263616557734205 0.00851581508515815
5 0.8364651416122004 0.3156934306569343 0.003540305010893246 0.01338199513381995
5 0.6898148148148148 0.06995133819951338 0.005991285403050109 0.00851581508515815
5 0.5328159041394336 0.07086374695863747 0.005718954248366013 0.007907542579075427
5 0.4417211328976035 0.07025547445255474 0.005991285403050109 0.007907542579075427
0 0.17538126361655773 0.20316301703163017 0.005991285403050109 0.015815085158150853
0 0.14814814814814814 0.20316301703163017 0.005991285403050109 0.015815085158150853
0 0.1409313725490196 0.9771897810218978 0.006263616557734205 0.015206812652068127
0 0.1869553376906318 0.8865571776155717 0.006808278867102397 0.013990267639902677
0 0.22685185185185186 0.8953771289537713 0.007080610021786492 0.01338199513381995
0 0.19471677559912853 0.8832116788321168 0.007080610021786492 0.01338199513381995
0 0.21146514161220042 0.8485401459854015 0.006263616557734205 0.015815085158150853
0 0.22031590413943355 0.8312043795620438 0.005991285403050109 0.015206812652068127
0 0.2529956427015251 0.8211678832116789 0.007080610021786492 0.01338199513381995
0 0.1869553376906318 0.8175182481751825 0.006808278867102397 0.01338199513381995
0 0.18722766884531591 0.7889294403892944 0.006808278867102397 0.01338199513381995
0 0.21350762527233116 0.7767639902676399 0.005991285403050109 0.015815085158150853
0 0.18722766884531591 0.7454379562043796 0.006808278867102397 0.012773722627737226
0 0.18709150326797386 0.7092457420924574 0.007080610021786492 0.01338199513381995
0 0.2529956427015251 0.680352798053528 0.007080610021786492 0.012773722627737226
2 0.3699618736383442 0.9574209245742092 0.006263616557734205 0.015815085158150853
0 0.3699618736383442 0.9774939172749392 0.006263616557734205 0.015815085158150853
0 0.4852941176470588 0.7764598540145985 0.007080610021786492 0.012773722627737226
0 0.4852941176470588 0.7013381995133819 0.007080610021786492 0.01338199513381995
0 0.4941448801742919 0.6502433090024331 0.006808278867102397 0.01338199513381995
0 0.4941448801742919 0.5894160583941606 0.006808278867102397 0.01338199513381995
0 0.48556644880174293 0.5875912408759124 0.007080610021786492 0.01338199513381995
0 0.48570261437908496 0.3381995133819951 0.006808278867102397 0.01338199513381995
0 0.4941448801742919 0.3418491484184915 0.006808278867102397 0.01338199513381995
0 0.48543028322440085 0.21776155717761558 0.006808278867102397 0.01338199513381995
0 0.48570261437908496 0.11557177615571776 0.006808278867102397 0.01338199513381995
0 0.4941448801742919 0.09671532846715329 0.006808278867102397 0.01338199513381995
0 0.5149782135076253 0.04257907542579075 0.005991285403050109 0.015815085158150853
0 0.7264433551198257 0.20437956204379562 0.006808278867102397 0.01338199513381995
0 0.7352941176470589 0.22992700729927007 0.007080610021786492 0.01338199513381995
0 0.889297385620915 0.3953771289537713 0.006808278867102397 0.01338199513381995
0 0.976988017429194 0.4206204379562044 0.006808278867102397 0.012773722627737226
0 0.9767156862745098 0.5988442822384428 0.006808278867102397 0.012773722627737226
2 0.889161220043573 0.6079683698296837 0.007080610021786492 0.013990267639902677
0 0.704520697167756 0.9768856447688564 0.005991285403050109 0.015815085158150853
0 0.7265795206971678 0.7974452554744526 0.007080610021786492 0.01338199513381995
0 0.9682734204793029 0.684610705596107 0.006808278867102397 0.012773722627737226
0 0.7265795206971678 0.42244525547445255 0.007080610021786492 0.013990267639902677
0 0.7267156862745098 0.6389902676399026 0.006808278867102397 0.013990267639902677