0 0.9601449275362319 0.3906064209274673 0.02818035426731079 0.014268727705112961
0 0.9601449275362319 0.47473246135552916 0.02818035426731079 0.014863258026159334
0 0.9597423510466989 0.5882877526753865 0.028985507246376812 0.014863258026159334
0 0.9597423510466989 0.6661712247324614 0.028985507246376812 0.014863258026159334
0 0.6501610305958132 0.3507728894173603 0.029790660225442835 0.014268727705112961
0 0.6308373590982287 0.45630202140309156 0.029790660225442835 0.014863258026159334
0 0.6364734299516909 0.5769916765755053 0.029790660225442835 0.014863258026159334
0 0.6670692431561996 0.6860879904875149 0.029790660225442835 0.015457788347205707
1 0.7105475040257649 0.29964328180737215 0.029790660225442835 0.02140309155766944
1 0.7020933977455717 0.32431629013079666 0.030595813204508857 0.021997621878715814
1 0.67914653784219 0.4042806183115339 0.029790660225442835 0.02140309155766944
1 0.6759259259259259 0.4277645659928656 0.029790660225442835 0.021997621878715814
1 0.6719001610305958 0.5175386444708681 0.029790660225442835 0.021997621878715814
1 0.6739130434782609 0.5457788347205708 0.030595813204508857 0.02140309155766944
1 0.6880032206119162 0.6212841854934602 0.029790660225442835 0.022592152199762187
1 0.6960547504025765 0.6489298454221165 0.029790660225442835 0.021997621878715814