0 0.6056625802685347 0.02574102964118565 0.013426736719206071 0.01612064482579303
0 0.03677758318739054 0.29797191887675506 0.018680677174547577 0.011440457618304731
0 0.03619381202568593 0.375455018200728 0.018680677174547577 0.011440457618304731
0 0.03677758318739054 0.4464378575143006 0.018680677174547577 0.011960478419136765
0 0.972270869819031 0.23946957878315134 0.018096906012842966 0.011960478419136765
0 0.9725627553998832 0.2667706708268331 0.018680677174547577 0.0124804992199688
0 0.4042615294804437 0.24934997399895995 0.018096906012842966 0.011960478419136765
1 0.5040863981319322 0.21918876755070202 0.01576182136602452 0.01612064482579303
1 0.5040863981319322 0.3450338013520541 0.01576182136602452 0.01612064482579303
0 0.46176298890834794 0.3655746229849194 0.014010507880910683 0.016640665626625067
1 0.40367775831873903 0.4048361934477379 0.018096906012842966 0.014040561622464899
1 0.4042615294804437 0.45527821112844513 0.018096906012842966 0.014040561622464899
0 0.4200233508464682 0.5301612064482579 0.013426736719206071 0.0171606864274571
1 0.4941622883829539 0.5304212168486739 0.01576182136602452 0.016640665626625067
1 0.6158785755983655 0.5130005200208009 0.01634559252772913 0.01612064482579303
0 0.7151196730881495 0.49271970878835153 0.018680677174547577 0.011960478419136765
0 0.7358435493286631 0.38819552782111283 0.018096906012842966 0.011960478419136765
1 0.5268534734384122 0.3658346333853354 0.01576182136602452 0.01612064482579303
0 0.6044950379451255 0.2834113364534581 0.018096906012842966 0.0124804992199688
0 0.6272621132516054 0.2888715548621945 0.018096906012842966 0.011960478419136765
1 0.6272621132516054 0.3325533021320853 0.018096906012842966 0.014040561622464899
1 0.9725627553998832 0.5249609984399376 0.018680677174547577 0.014040561622464899
1 0.9725627553998832 0.624544981799272 0.018680677174547577 0.014560582423296931
0 0.8934617629889083 0.6302652106084243 0.018096906012842966 0.0124804992199688
0 0.8934617629889083 0.6846073842953718 0.018096906012842966 0.011960478419136765
1 0.972270869819031 0.7397295891835673 0.018096906012842966 0.014040561622464899