0 0.32653061224489793 0.011324786324786324 0.012558869701726845 0.009829059829059829
0 0.3553767660910518 0.009401709401709401 0.00902668759811617 0.013675213675213675
0 0.3392857142857143 0.019230769230769232 0.012951334379905808 0.009401709401709401
0 0.32653061224489793 0.060897435897435896 0.012558869701726845 0.009829059829059829
0 0.3392857142857143 0.07478632478632478 0.01216640502354788 0.009401709401709401
0 0.3598901098901099 0.1141025641025641 0.008634222919937205 0.01282051282051282
0 0.4009026687598116 0.11431623931623931 0.00902668759811617 0.013247863247863248
0 0.36793563579277866 0.06987179487179487 0.00902668759811617 0.011538461538461539
0 0.4007064364207221 0.06987179487179487 0.008634222919937205 0.011538461538461539
0 0.4279827315541601 0.07628205128205129 0.012951334379905808 0.009829059829059829
0 0.42896389324960754 0.027564102564102563 0.012558869701726845 0.009829059829059829
0 0.41228414442700156 0.009401709401709401 0.00902668759811617 0.013675213675213675
0 0.8736263736263736 0.009401709401709401 0.008634222919937205 0.01282051282051282
0 0.9279827315541601 0.009188034188034188 0.00902668759811617 0.013247863247863248
0 0.9813579277864992 0.013675213675213675 0.012951334379905808 0.009401709401709401
0 0.9815541601255887 0.08162393162393163 0.012558869701726845 0.009401709401709401
0 0.8561616954474097 0.05982905982905983 0.01216640502354788 0.009401709401709401
0 0.8956043956043956 0.11730769230769231 0.008634222919937205 0.013247863247863248
0 0.9309262166405023 0.11730769230769231 0.008634222919937205 0.013247863247863248
0 0.9132653061224489 0.0797008547008547 0.008634222919937205 0.011538461538461539
0 0.7813971742543171 0.6175213675213675 0.008634222919937205 0.013675213675213675
0 0.7929748822605965 0.638034188034188 0.01216640502354788 0.009401709401709401
0 0.031004709576138146 0.9006410256410257 0.008634222919937205 0.013247863247863248
0 0.011773940345368918 0.9047008547008547 0.012558869701726845 0.009401709401709401
0 0.011773940345368918 0.9243589743589744 0.011773940345368918 0.009401709401709401
0 0.011577708006279434 0.9427350427350427 0.01216640502354788 0.009401709401709401
0 0.011773940345368918 0.9611111111111111 0.011773940345368918 0.009401709401709401
0 0.02040816326530612 0.9835470085470085 0.008634222919937205 0.013247863247863248
0 0.037480376766091054 0.9835470085470085 0.008241758241758242 0.013247863247863248
0 0.060047095761381473 0.9839743589743589 0.008634222919937205 0.013247863247863248
0 0.07535321821036106 0.9835470085470085 0.008634222919937205 0.013247863247863248
0 0.10164835164835165 0.9839743589743589 0.008634222919937205 0.013247863247863248
0 0.10792778649921507 0.9602564102564103 0.012558869701726845 0.009401709401709401