2 0.17139436360287347 0.3795180722891566 0.007183643396573955 0.011270890011659542
2 0.17139436360287347 0.3970073843762145 0.007183643396573955 0.011270890011659542
3 0.18198563271320686 0.3591138748542557 0.006262663473936269 0.014768752429071124
3 0.20279977896481857 0.3595025262339681 0.006262663473936269 0.014768752429071124
3 0.21256216614477805 0.39661873299650213 0.006999447412046418 0.012825495530509134
3 0.17130226561060968 0.44617178390983286 0.006999447412046418 0.013214146910221531
0 0.1632897402836618 0.44714341235911387 0.007183643396573955 0.010493587252234746
0 0.17130226561060968 0.4185775359502526 0.006999447412046418 0.010882238631947143
0 0.04199668447227851 0.5452778857364944 0.005157487566771045 0.014768752429071124
0 0.04291766439491619 0.6129032258064516 0.006999447412046418 0.010882238631947143
3 0.01160434702523485 0.6247570928876798 0.006999447412046418 0.012825495530509134
0 0.04061521458832197 0.6917994558880683 0.004973291582243507 0.014768752429071124
3 0.03776017682814515 0.7648659152739993 0.005894271504881194 0.014768752429071124
3 0.07229692392705839 0.7131752817722503 0.00681525142751888 0.012436844150796735
0 0.08491434886719469 0.649436455499417 0.005157487566771045 0.014768752429071124
0 0.1410020261558298 0.6496307811892732 0.004973291582243507 0.015157403808783521
3 0.1619082703997053 0.7147298872910999 0.006999447412046418 0.013214146910221531
0 0.1903665500092098 0.6327244461717839 0.004973291582243507 0.014768752429071124
0 0.196260821514091 0.6496307811892732 0.005341683551298581 0.015157403808783521
0 0.2378891140173144 0.649436455499417 0.004973291582243507 0.014768752429071124
3 0.22379812120095782 0.7158958414302371 0.006999447412046418 0.012436844150796735
3 0.25520353656290296 0.47804119704624953 0.00681525142751888 0.012436844150796735
0 0.233284214404126 0.8692188107267781 0.004973291582243507 0.014380101049358725
0 0.2232455332473752 0.9043917605907501 0.006999447412046418 0.010882238631947143
3 0.2484803831276478 0.9832879906723669 0.005894271504881194 0.014768752429071124
0 0.2869773438939031 0.8968130586863583 0.005157487566771045 0.014380101049358725
3 0.30392337447043655 0.7164788184998057 0.006999447412046418 0.012825495530509134
0 0.2929637133910481 0.6498251068791294 0.004973291582243507 0.014768752429071124
0 0.32418493276846566 0.649436455499417 0.005157487566771045 0.014768752429071124
3 0.3477620187879904 0.7176447726389429 0.006999447412046418 0.012825495530509134
0 0.27076809725547984 0.5652934317916829 0.005157487566771045 0.014380101049358725
0 0.42401915638239085 0.8822386319471434 0.006999447412046418 0.010882238631947143
0 0.3438939031129121 0.5652934317916829 0.005157487566771045 0.014380101049358725
0 0.3709707128384601 0.5652934317916829 0.005157487566771045 0.014380101049358725
3 0.34674894087308894 0.4588029537504858 0.00681525142751888 0.012825495530509134
3 0.37318106465279055 0.45161290322580644 0.006262663473936269 0.014768752429071124
0 0.3096334499907902 0.12922658375437232 0.006999447412046418 0.011270890011659542
0 0.36470804936452383 0.12728332685581034 0.006999447412046418 0.010493587252234746
3 0.3830355498250138 0.025262339681305868 0.006078467489408731 0.014768752429071124
3 0.44999079020077365 0.025456665371162066 0.005894271504881194 0.014380101049358725
3 0.39371891692761096 0.10687912942090945 0.005710075520353656 0.013991449669646328
3 0.4306502118253822 0.10707345511076564 0.005525879535826119 0.014380101049358725
0 0.47154172039049547 0.09094442285270113 0.006999447412046418 0.010882238631947143
0 0.5001841959845276 0.02565099106101827 0.004973291582243507 0.014768752429071124
0 0.5109596610793885 0.02565099106101827 0.005157487566771045 0.014768752429071124
0 0.5254190458648001 0.02565099106101827 0.004973291582243507 0.014768752429071124
3 0.3684840670473384 0.2114263505635445 0.006078467489408731 0.014768752429071124
3 0.388929821329895 0.2114263505635445 0.006078467489408731 0.014768752429071124
3 0.4109412414809357 0.2112320248736883 0.006262663473936269 0.014380101049358725
3 0.4312027997789648 0.2112320248736883 0.006262663473936269 0.014380101049358725
0 0.5276293976791306 0.23746599300427518 0.00681525142751888 0.010882238631947143
0 0.5093018972186406 0.5652934317916829 0.005157487566771045 0.014380101049358725
3 0.5295634555166697 0.46657598134473377 0.006999447412046418 0.012825495530509134
3 0.5958740099465831 0.498056743101438 0.006999447412046418 0.012825495530509134
0 0.6190827039970529 0.5652934317916829 0.00478909559771597 0.014380101049358725
0 0.673144225455885 0.5652934317916829 0.004973291582243507 0.014380101049358725
3 0.6713022656106097 0.45025262339681305 0.006078467489408731 0.014380101049358725
0 0.7365076441333579 0.5685969685192382 0.005341683551298581 0.014768752429071124
0 0.7542825566402652 0.5091333074232414 0.006999447412046418 0.010882238631947143
0 0.7412967397310739 0.48270501360279827 0.004973291582243507 0.014768752429071124
0 0.7460858353287898 0.4605518849591916 0.00681525142751888 0.010882238631947143
0 0.7627555719285319 0.45044694908666927 0.005157487566771045 0.014768752429071124
3 0.7729784490698103 0.5081616789739604 0.005341683551298581 0.014380101049358725
3 0.8084361760913612 0.5081616789739604 0.005525879535826119 0.014380101049358725
0 0.8338552219561614 0.46696463272444616 0.006999447412046418 0.010493587252234746
0 0.8338552219561614 0.549747376603187 0.006999447412046418 0.010493587252234746
0 0.7958187511512249 0.5650991061018267 0.004973291582243507 0.013991449669646328
3 0.875391416467121 0.5130198212203654 0.007183643396573955 0.012436844150796735
0 0.8910480751519617 0.5672366886902449 0.004973291582243507 0.014380101049358725
0 0.96334499907902 0.5672366886902449 0.005157487566771045 0.014380101049358725
3 0.9893166328974028 0.5087446560435289 0.006999447412046418 0.012436844150796735
0 0.9063363418677473 0.6179556937427128 0.005341683551298581 0.014768752429071124
3 0.9736599742125621 0.6486591527399922 0.006262663473936269 0.014768752429071124
0 0.9397679130594953 0.6743101438010105 0.006999447412046418 0.010882238631947143
0 0.9611346472646897 0.737271667314419 0.005157487566771045 0.014768752429071124
0 0.8121200957819119 0.6939370384764866 0.006999447412046418 0.011270890011659542
3 0.8038312764781728 0.7193937038476487 0.006999447412046418 0.013214146910221531
3 0.7362313501565666 0.6678973960357559 0.006999447412046418 0.012825495530509134
3 0.7281267268373549 0.7155071900505247 0.006999447412046418 0.013214146910221531
0 0.7138515380364708 0.649436455499417 0.004973291582243507 0.014768752429071124
3 0.6741573033707865 0.7157015157403809 0.006999447412046418 0.012825495530509134
0 0.6594216246085836 0.6496307811892732 0.005157487566771045 0.015157403808783521
0 0.5897955424571745 0.6498251068791294 0.005157487566771045 0.014768752429071124
3 0.5767176275557193 0.7157015157403809 0.006999447412046418 0.012825495530509134
0 0.5686130042365076 0.6995724834823164 0.006999447412046418 0.010882238631947143
3 0.5127095229324 0.7055965798678585 0.006078467489408731 0.014380101049358725