1 0.06109936575052854 0.22135842880523732 0.013953488372093023 0.018821603927986905
0 0.14587737843551796 0.19967266775777415 0.009302325581395349 0.02618657937806874
0 0.2317124735729387 0.20008183306055646 0.009302325581395349 0.027004909983633387
0 0.0613107822410148 0.32405891980360063 0.013530655391120507 0.01800327332242226
1 0.01754756871035941 0.4725859247135843 0.013107822410147992 0.018821603927986905
0 0.01754756871035941 0.5916530278232406 0.013107822410147992 0.01800327332242226
0 0.01754756871035941 0.6546644844517185 0.013107822410147992 0.01800327332242226
0 0.01754756871035941 0.6996726677577741 0.013107822410147992 0.01800327332242226
1 0.01733615221987315 0.7536824877250409 0.013530655391120507 0.01800327332242226
0 0.01754756871035941 0.8567921440261865 0.013107822410147992 0.01800327332242226
0 0.01754756871035941 0.9296235679214403 0.013107822410147992 0.01800327332242226
0 0.042283298097251586 0.9574468085106383 0.009302325581395349 0.02618657937806874
0 0.10570824524312897 0.957037643207856 0.009302325581395349 0.02536824877250409
0 0.12938689217758986 0.9574468085106383 0.009302325581395349 0.02618657937806874
1 0.11543340380549683 0.6534369885433715 0.013530655391120507 0.018821603927986905
0 0.14038054968287528 0.7479541734860884 0.01014799154334038 0.02618657937806874
0 0.1697674418604651 0.7483633387888707 0.009725158562367865 0.027004909983633387
0 0.19661733615221988 0.747545008183306 0.01014799154334038 0.027004909983633387
0 0.22684989429175476 0.7483633387888707 0.009725158562367865 0.027004909983633387
0 0.2932346723044397 0.7123567921440261 0.009725158562367865 0.027004909983633387
0 0.3103594080338266 0.7467266775777414 0.01014799154334038 0.027004909983633387
0 0.31606765327695563 0.7123567921440261 0.009725158562367865 0.027004909983633387
0 0.3361522198731501 0.6878068739770867 0.01437632135306554 0.018821603927986905
3 0.3558139534883721 0.6567103109656302 0.013953488372093023 0.027004909983633387
0 0.33636363636363636 0.6239770867430442 0.013953488372093023 0.018821603927986905
0 0.33657505285412265 0.5748772504091653 0.01437632135306554 0.018821603927986905
3 0.35560253699788585 0.5425531914893617 0.013530655391120507 0.02618657937806874
0 0.32579281183932346 0.5040916530278232 0.009725158562367865 0.02618657937806874
0 0.313953488372093 0.47013093289689034 0.009725158562367865 0.027004909983633387
0 0.2116279069767442 0.5040916530278232 0.009725158562367865 0.02618657937806874
0 0.1587737843551797 0.5040916530278232 0.009725158562367865 0.02618657937806874
0 0.3566596194503171 0.234860883797054 0.013107822410147992 0.01800327332242226
0 0.4063424947145877 0.10351882160392799 0.009302325581395349 0.02536824877250409
0 0.44820295983086683 0.2823240589198036 0.013530655391120507 0.01800327332242226
0 0.21923890063424947 0.9574468085106383 0.009725158562367865 0.02618657937806874
0 0.24101479915433405 0.957037643207856 0.009302325581395349 0.027004909983633387
0 0.2820295983086681 0.9566284779050737 0.01014799154334038 0.02618657937806874
0 0.3389006342494715 0.9357610474631751 0.013953488372093023 0.018821603927986905
0 0.353276955602537 0.926759410801964 0.013953488372093023 0.018821603927986905
0 0.40021141649048625 0.9566284779050737 0.009725158562367865 0.02618657937806874
0 0.4492600422832981 0.9136661211129297 0.013953488372093023 0.018821603927986905
0 0.4638477801268499 0.925531914893617 0.013530655391120507 0.01800327332242226
0 0.5054968287526427 0.9566284779050737 0.009725158562367865 0.02618657937806874
0 0.5471458773784356 0.8882978723404256 0.013530655391120507 0.018821603927986905
0 0.6613107822410148 0.852291325695581 0.013530655391120507 0.018821603927986905
0 0.7792811839323467 0.8306055646481179 0.013530655391120507 0.01800327332242226
0 0.7325581395348837 0.7217675941080196 0.009725158562367865 0.02618657937806874
0 0.7490486257928118 0.6452536824877251 0.009725158562367865 0.027004909983633387
0 0.779492600422833 0.5806055646481179 0.013953488372093023 0.018821603927986905
0 0.7792811839323467 0.5282324058919804 0.013530655391120507 0.018821603927986905
0 0.7835095137420719 0.4844517184942717 0.009302325581395349 0.02618657937806874
0 0.8788583509513742 0.43617021276595747 0.009725158562367865 0.02618657937806874
0 0.8761099365750529 0.40793780687397707 0.009302325581395349 0.027004909983633387
1 0.8558139534883721 0.4075286415711948 0.009302325581395349 0.02618657937806874
0 0.9078224101479916 0.4083469721767594 0.009302325581395349 0.02618657937806874
0 0.9264270613107822 0.4083469721767594 0.009302325581395349 0.02618657937806874
0 0.9395348837209302 0.40793780687397707 0.009302325581395349 0.027004909983633387
0 0.9530655391120507 0.4075286415711948 0.009302325581395349 0.02618657937806874
3 0.6801268498942917 0.5135024549918167 0.013107822410147992 0.027004909983633387
0 0.587737843551797 0.55810147299509 0.013530655391120507 0.01800327332242226
0 0.5382663847780127 0.5114566284779051 0.009302325581395349 0.02618657937806874
3 0.5513742071881607 0.588379705400982 0.013530655391120507 0.02618657937806874
3 0.4854122621564482 0.588379705400982 0.013530655391120507 0.02618657937806874
0 0.44820295983086683 0.5102291325695582 0.013530655391120507 0.018821603927986905
1 0.7232558139534884 0.36006546644844517 0.013953488372093023 0.01800327332242226
1 0.73446088794926 0.1018821603927987 0.013530655391120507 0.018821603927986905
4 0.7484143763213531 0.049099836333878884 0.013530655391120507 0.019639934533551555
4 0.8103594080338267 0.026595744680851064 0.009725158562367865 0.02536824877250409
4 0.8323467230443975 0.026595744680851064 0.009725158562367865 0.02536824877250409
4 0.853276955602537 0.0969721767594108 0.013530655391120507 0.018821603927986905
4 0.8384778012684989 0.12970540098199673 0.013530655391120507 0.018821603927986905
4 0.853276955602537 0.15261865793780688 0.013530655391120507 0.018821603927986905
4 0.7488372093023256 0.2078559738134206 0.012684989429175475 0.01800327332242226
0 0.8528541226215645 0.21522094926350246 0.013530655391120507 0.01800327332242226
0 0.8530655391120507 0.030687397708674305 0.013953488372093023 0.018821603927986905
0 0.8708245243128964 0.027004909983633387 0.009725158562367865 0.02618657937806874
0 0.9050739957716701 0.027004909983633387 0.009725158562367865 0.02618657937806874
0 0.9412262156448203 0.027004909983633387 0.009302325581395349 0.02618657937806874