0 0.03561253561253561 0.04096477794793262 0.006993006993006993 0.01454823889739663
0 0.10463610463610463 0.04058192955589587 0.006734006734006734 0.01454823889739663
4 0.126003626003626 0.03905053598774885 0.008547008547008548 0.01225114854517611
0 0.14840714840714841 0.04058192955589587 0.006734006734006734 0.01454823889739663
0 0.17365967365967366 0.07140122511485451 0.009583009583009583 0.009571209800918835
0 0.1904946904946905 0.09992343032159265 0.006993006993006993 0.01454823889739663
0 0.056332556332556336 0.24540581929555896 0.006993006993006993 0.01454823889739663
0 0.07096607096607097 0.263208269525268 0.006734006734006734 0.014165390505359877
0 0.11396011396011396 0.24559724349157733 0.006734006734006734 0.014931087289433384
0 0.019684019684019685 0.3215926493108729 0.009842009842009843 0.009954058192955589
0 0.07057757057757058 0.3663859111791731 0.006475006475006475 0.01454823889739663
0 0.039886039886039885 0.38533690658499237 0.006734006734006734 0.014165390505359877
0 0.0947940947940948 0.38552833078101073 0.006734006734006734 0.013782542113323124
0 0.07459207459207459 0.41347626339969373 0.009324009324009324 0.009954058192955589
0 0.1241906241906242 0.33939509954058195 0.009583009583009583 0.009571209800918835
0 0.13623413623413624 0.34571209800918834 0.009842009842009843 0.009954058192955589
0 0.204998704998705 0.3428407350689127 0.009583009583009583 0.009571209800918835
0 0.08326858326858327 0.48813169984686067 0.009065009065009065 0.013016845329249618
0 0.10696710696710697 0.503062787136294 0.006734006734006734 0.01454823889739663
0 0.1500906500906501 0.5011485451761103 0.009583009583009583 0.009954058192955589
0 0.11072261072261072 0.5846094946401225 0.006475006475006475 0.01454823889739663
0 0.07912457912457913 0.6020290964777948 0.006475006475006475 0.014165390505359877
0 0.050634550634550635 0.5844180704441041 0.006475006475006475 0.014165390505359877
0 0.005309505309505309 0.6158116385911179 0.009583009583009583 0.009571209800918835
0 0.1930846930846931 0.6862557427258805 0.009583009583009583 0.009571209800918835
0 0.1282051282051282 0.7046324655436447 0.009324009324009324 0.009571209800918835
0 0.019813519813519812 0.7739280245022971 0.009583009583009583 0.009571209800918835
0 0.07666407666407667 0.8166156202143952 0.006734006734006734 0.013782542113323124
3 0.0764050764050764 0.7949846860643185 0.009842009842009843 0.014165390505359877
0 0.19321419321419323 0.9213246554364471 0.009842009842009843 0.009571209800918835
0 0.019684019684019685 0.9620980091883614 0.009324009324009324 0.009954058192955589
3 0.14232064232064232 0.9770290964777948 0.010101010101010102 0.01454823889739663
0 0.2347837347837348 0.5243108728943339 0.006475006475006475 0.014165390505359877
0 0.23685573685573685 0.5066998468606432 0.006475006475006475 0.014165390505359877
0 0.2419062419062419 0.4464012251148545 0.006734006734006734 0.013782542113323124
0 0.2441077441077441 0.42879019908116384 0.006475006475006475 0.013782542113323124
3 0.2707847707847708 0.47473200612557426 0.009583009583009583 0.01454823889739663
0 0.31274281274281274 0.25363705972434913 0.006475006475006475 0.014165390505359877
0 0.2913752913752914 0.37614854517611024 0.006734006734006734 0.014165390505359877
0 0.2911162911162911 0.39375957120980093 0.006216006216006216 0.014165390505359877
0 0.40287490287490285 0.30570444104134764 0.009583009583009583 0.009571209800918835
0 0.40287490287490285 0.35298621745788666 0.009583009583009583 0.009954058192955589
0 0.40287490287490285 0.4153905053598775 0.009583009583009583 0.009188361408882083
0 0.40261590261590263 0.46152373660030627 0.009583009583009583 0.009571209800918835
0 0.3916083916083916 0.36466309341500763 0.009842009842009843 0.009571209800918835
0 0.43343693343693346 0.6060490045941807 0.006475006475006475 0.013782542113323124
0 0.4617974617974618 0.5792496171516079 0.006734006734006734 0.013782542113323124
0 0.49248899248899247 0.5790581929555896 0.006475006475006475 0.01339969372128637
0 0.5366485366485366 0.5792496171516079 0.006216006216006216 0.013782542113323124
0 0.570966070966071 0.5792496171516079 0.006475006475006475 0.013782542113323124
0 0.6104636104636104 0.5792496171516079 0.006734006734006734 0.013782542113323124
0 0.6451696451696451 0.5792496171516079 0.006734006734006734 0.013782542113323124
0 0.6803936803936804 0.5451761102603369 0.009324009324009324 0.009188361408882083
0 0.6680911680911681 0.5287136294027565 0.009583009583009583 0.009188361408882083
0 0.6827246827246827 0.3947166921898928 0.009324009324009324 0.009188361408882083
0 0.682983682983683 0.3233154670750383 0.009324009324009324 0.009571209800918835
0 0.6803936803936804 0.23009188361408883 0.009324009324009324 0.009954058192955589
0 0.4524734524734525 0.2048238897396631 0.006734006734006734 0.013782542113323124
0 0.4827764827764828 0.20501531393568148 0.006734006734006734 0.014165390505359877
0 0.5304325304325305 0.20444104134762633 0.006734006734006734 0.013782542113323124
0 0.5611240611240611 0.20444104134762633 0.006475006475006475 0.013782542113323124
0 0.6076146076146076 0.20444104134762633 0.006734006734006734 0.013782542113323124
0 0.5885780885780886 0.37442572741194485 0.009583009583009583 0.009954058192955589
0 0.9737114737114737 0.44180704441041346 0.006475006475006475 0.01454823889739663
0 0.9825174825174825 0.41902756508422667 0.006475006475006475 0.014165390505359877