0 0.092996 0.123819 0.008718 0.014178
0 0.888114 0.259924 0.008718 0.014178
0 0.101715 0.126654 0.008718 0.014178
0 0.101715 0.603970 0.008718 0.014178
0 0.750073 0.100662 0.008718 0.014178
0 0.092996 0.237240 0.008718 0.014178
0 0.767219 0.394612 0.008718 0.014178
0 0.193839 0.635633 0.008718 0.014178
0 0.072072 0.510870 0.008718 0.014178
0 0.072363 0.540170 0.008718 0.014178
0 0.185411 0.622873 0.008718 0.014178
0 0.612031 0.126654 0.008718 0.014178
0 0.816332 0.552930 0.008718 0.014178
0 0.989247 0.680529 0.008718 0.014178
0 0.448126 0.673913 0.008718 0.014178
0 0.755304 0.185728 0.008718 0.014178
0 0.695728 0.100662 0.008718 0.014178
0 0.415577 0.250945 0.008718 0.014178
0 0.807033 0.650284 0.008718 0.014178
0 0.299041 0.931002 0.008718 0.014178
