     0/199     1.89G   0.04324   0.01001  0.007873   0.06112        21       512    0.9097    0.8701    0.9488     0.388    0.1368  0.008851   0.01765
     1/199       16G   0.02867  0.004695  0.001946   0.03531        27       512    0.9824    0.9801    0.9937    0.6777    0.1279  0.008505   0.04251
     2/199     19.1G   0.03062  0.003861  0.002743   0.03722        40       512    0.9599    0.9514    0.9883    0.8309    0.1231  0.008688   0.01504
     3/199     19.1G    0.0302  0.004001  0.002192   0.03639        27       512    0.6494    0.8219    0.7762    0.5349    0.1268   0.01345   0.03432
     4/199     19.1G   0.02678  0.003868  0.002609   0.03326        35       512    0.9614    0.9124    0.9786    0.8301    0.1185  0.007349    0.0213
     5/199     19.1G   0.03816   0.01121  0.009633   0.05901        35       512    0.1621    0.3798    0.1756   0.06576    0.1309   0.03435   0.04091
     6/199     19.1G   0.03162  0.009812  0.006595   0.04803        38       512    0.5215    0.7339    0.5905    0.3492    0.1264   0.01332    0.0202
     7/199     19.1G   0.02927   0.00831  0.005136   0.04272        39       512    0.6896    0.7612    0.7299    0.4748    0.1278   0.01042   0.01487
     8/199     19.1G   0.02228   0.00711  0.003671   0.03306        37       512    0.9034    0.8853     0.955    0.7253    0.1252  0.007562   0.01327
     9/199     19.1G   0.03038  0.006266   0.00366   0.04031        39       512    0.8882    0.8922    0.9498    0.7565     0.123  0.007557   0.01486
    10/199     19.1G   0.02612   0.00564  0.002885   0.03465        42       512    0.8337    0.8627    0.9303    0.7599    0.1226  0.007375   0.01582
    11/199     19.1G   0.02491  0.005121  0.002618   0.03265        31       512    0.9617    0.9418    0.9819    0.8103    0.1221  0.006983   0.01324
    12/199     19.1G   0.02235  0.004798  0.002344    0.0295        35       512    0.9583    0.9461    0.9846     0.832    0.1212  0.006814   0.01411
    13/199     19.1G   0.02494  0.004422  0.002498   0.03186        35       512    0.9625    0.9493    0.9866    0.8602    0.1208  0.007031   0.01326
    14/199     19.1G   0.02215  0.004518  0.002322   0.02899        32       512    0.9434    0.9263    0.9788    0.8466      0.12  0.007665   0.01356
    15/199     19.1G   0.02061   0.00424  0.001949    0.0268        49       512    0.9419    0.9322    0.9814    0.8602    0.1211  0.007385   0.01144
    16/199     19.1G   0.02433  0.005156  0.003241   0.03272        20       512    0.7559    0.7925    0.8685    0.6536    0.1255  0.007904   0.01514
    17/199     19.1G   0.02405  0.004969  0.002611   0.03163        32       512     0.963     0.935    0.9818    0.8045    0.1244  0.008013   0.01389
    18/199     19.1G   0.02775  0.004456  0.003193    0.0354        36       512    0.9774    0.9503    0.9865    0.8375    0.1217  0.008071   0.02071
    19/199     19.1G   0.02364  0.004356  0.002785   0.03078        40       512    0.9895    0.9709    0.9945    0.8834     0.122   0.00683   0.01436
    20/199     19.1G    0.0219  0.003963  0.002193   0.02805        40       512    0.9915    0.9805     0.995    0.8873    0.1213  0.007298   0.01333
    21/199     19.1G   0.02316  0.003775  0.002087   0.02902        33       512    0.3489    0.1024   0.05264   0.03167    0.1392   0.04752   0.01889
    22/199     19.1G   0.02242  0.003872  0.002205    0.0285        41       512    0.9857    0.9794    0.9954    0.8896    0.1221  0.007437   0.01244
    23/199     19.1G   0.02027  0.003591  0.001764   0.02563        38       512    0.9922    0.9836    0.9956    0.9091     0.121  0.007549   0.01258
    24/199     19.1G   0.01929  0.003544  0.001794   0.02462        27       512    0.9923    0.9866     0.996    0.9227    0.1212  0.007794   0.01265
    25/199     19.1G   0.01924  0.003396  0.001977   0.02462        44       512    0.9926    0.9889    0.9964    0.9275    0.1209  0.007811   0.03444
    26/199     19.1G   0.02456  0.003358  0.002228   0.03014        25       512    0.9935    0.9882    0.9956    0.9172    0.1214  0.008149      0.03
    27/199     19.1G   0.02468  0.003299  0.002156   0.03013        38       512    0.9924    0.9889    0.9962    0.8731    0.1215  0.008566    0.0351
    28/199     19.1G   0.02352  0.003196  0.002058   0.02877        44       512    0.9955    0.9904    0.9967    0.9283    0.1211  0.008104   0.03344
    29/199     19.1G   0.02119  0.003159  0.001898   0.02625        34       512     0.995    0.9866    0.9964    0.9247    0.1207  0.008517   0.03471
    30/199     19.1G   0.02067  0.003098  0.001799   0.02557        37       512    0.9937      0.99    0.9967    0.9298     0.123  0.008666    0.0171
    31/199     19.1G   0.02274  0.003146   0.00203   0.02792        39       512    0.9945    0.9927    0.9964    0.9473    0.1224  0.008393   0.01866
    32/199     19.1G   0.02328  0.002974  0.002038    0.0283        30       512    0.9962    0.9927     0.997    0.9451    0.1221  0.008513   0.01921
    33/199     19.1G   0.02657  0.002958  0.002333   0.03186        33       512    0.9967     0.992    0.9969    0.9491    0.1219  0.008767   0.02408
    34/199     19.1G    0.0206  0.003006  0.001825   0.02543        35       512    0.9956     0.994    0.9968    0.9466    0.1223  0.009209   0.02237
    35/199     19.1G   0.02028  0.002895  0.001758   0.02494        31       512    0.9968      0.99    0.9967     0.938    0.1217  0.009179   0.02747
    36/199     19.1G   0.02208  0.002953  0.001931   0.02696        41       512    0.9947    0.9931    0.9965    0.9311    0.1214  0.008976   0.03607
    37/199     19.1G   0.01943  0.002878  0.001706   0.02401        30       512    0.9966    0.9941    0.9966    0.9489    0.1216  0.009192   0.02858
    38/199     19.1G   0.02855  0.004662  0.004348   0.03756        25       512     0.809    0.6933    0.7459    0.5447    0.1192   0.01928     1.204
    39/199     19.1G    0.0242  0.004948  0.003524   0.03267        35       512     0.838    0.8061     0.896    0.6446    0.1141  0.009242    0.2418
    40/199     19.1G   0.02414  0.004289  0.002609   0.03104        49       512    0.9842    0.9692    0.9931    0.8965    0.1227  0.007908   0.01656
    41/199     19.1G   0.02429  0.003616  0.002361   0.03027        37       512    0.9888    0.9773    0.9953     0.923    0.1219  0.008186   0.01668
    42/199     19.1G   0.02346  0.003407  0.002239    0.0291        49       512    0.9886    0.9844    0.9957    0.9257    0.1116  0.008459    0.1627
    43/199     19.1G   0.01862  0.003236  0.001699   0.02356        37       512    0.9934     0.985    0.9958    0.9223     0.122   0.00876   0.01503
    44/199     19.1G   0.02666  0.005113  0.004663   0.03643        35       512    0.8736    0.8765    0.9363    0.7731    0.1202  0.009505   0.01747
    45/199     19.1G   0.02363  0.003964  0.002464   0.03006        42       512    0.9854    0.9708    0.9936     0.903    0.1199  0.008465   0.01487
    46/199     19.1G   0.02213  0.003549  0.002114   0.02779        32       512    0.9909    0.9842     0.995    0.9224    0.1197  0.008862   0.01477
    47/199     19.1G   0.02318  0.003385  0.002129   0.02869        40       512    0.9926    0.9871    0.9956    0.9245    0.1199  0.009023   0.01475
    48/199     19.1G    0.0233  0.003211  0.002163   0.02867        28       512    0.9933    0.9879    0.9957    0.9362    0.1198  0.009104    0.0147
    49/199     19.1G   0.02142  0.003184  0.002009   0.02662        25       512    0.9949    0.9872     0.996    0.9315    0.1197  0.009267   0.01465
    50/199     19.1G   0.02029  0.003059  0.001829   0.02518        42       512    0.9927    0.9915    0.9961    0.9406    0.1196  0.009371   0.01461
    51/199     19.1G   0.02549  0.003058  0.002241   0.03079        39       512    0.9961    0.9885    0.9964    0.9412    0.1197  0.009453   0.01471
    52/199     19.1G   0.02191  0.002994  0.001967   0.02687        36       512    0.9955    0.9917    0.9965     0.949    0.1195  0.009565   0.01467
    53/199     19.1G   0.01983  0.002965  0.001834   0.02462        30       512    0.9956    0.9912    0.9962    0.9506    0.1196   0.00979   0.01459
    54/199     19.1G   0.02022  0.002958  0.001916   0.02509        34       512    0.9957    0.9916    0.9967    0.9516    0.1194  0.009568   0.01459
    55/199     19.1G   0.02366  0.002842  0.002151   0.02866        30       512    0.9969    0.9924    0.9964    0.9544    0.1074  0.009619   0.01318
    56/199     19.1G    0.0241  0.002877  0.002222    0.0292        37       512    0.9963    0.9926    0.9968    0.9541    0.1074   0.01006   0.01299
    57/199     19.1G   0.02165  0.002859  0.001959   0.02647        47       512     0.995    0.9939    0.9968    0.9596    0.1073   0.01016   0.01234
    58/199     19.1G   0.02087  0.002763  0.001884   0.02552        35       512    0.9963    0.9935    0.9967    0.9572    0.1074   0.01003   0.01233
    59/199     19.1G   0.02086  0.002749  0.001858   0.02547        36       512    0.9955     0.995    0.9967    0.9581    0.1074   0.01011   0.01194
    60/199     19.1G    0.0239  0.002726  0.002116   0.02874        36       512    0.9976    0.9919    0.9972    0.9633    0.1073   0.01048   0.01207
    61/199     19.1G    0.0263   0.00264  0.002379   0.03132        28       512    0.9953    0.9938    0.9974    0.9595    0.1073   0.01034   0.01216
    62/199     19.1G   0.02103  0.002613  0.001836   0.02548        54       512    0.9965    0.9939    0.9968    0.9622    0.1072   0.01021   0.01229
    63/199     19.1G   0.02525  0.002683  0.002285   0.03021        37       512    0.9967    0.9948    0.9968    0.9626    0.1068   0.01073   0.01195
    64/199     19.1G   0.02597  0.002656  0.002297   0.03093        33       512     0.997     0.995    0.9973    0.9646    0.1062    0.0105   0.01184
    65/199     19.1G   0.02146  0.002532  0.001932   0.02592        36       512    0.9971    0.9952    0.9974    0.9649    0.1033   0.01079   0.01162
    66/199     19.1G    0.0238  0.002549  0.002172   0.02853        29       512    0.9976    0.9947    0.9967    0.9651    0.1033   0.01085   0.01145
    67/199     19.1G   0.02244  0.002452  0.002045   0.02694        33       512    0.9974    0.9953    0.9977    0.9644    0.1034   0.01072   0.01108
    68/199     19.1G   0.02161  0.002545  0.001939    0.0261        30       512    0.9976     0.995    0.9971     0.966    0.1032   0.01078   0.01094
    69/199     19.1G    0.0211   0.00254  0.001926   0.02557        36       512    0.9972    0.9956    0.9971    0.9685    0.1032   0.01106   0.01098
    70/199     19.1G     0.027  0.002497  0.002475   0.03197        34       512    0.9977    0.9952    0.9975    0.9669    0.1033    0.0107   0.01107
    71/199     19.1G   0.02286  0.002448  0.002083   0.02739        40       512    0.9978     0.995    0.9975    0.9678    0.1032   0.01096   0.01114
    72/199     19.1G   0.02231  0.002566  0.002012   0.02689        43       512    0.9979    0.9955    0.9973    0.9693    0.1032    0.0111   0.01107
    73/199     19.1G   0.02186  0.002468  0.001967   0.02629        38       512    0.9973    0.9959    0.9975    0.9686    0.1032    0.0113   0.01103
    74/199     19.1G   0.02658  0.002424  0.002439   0.03144        27       512    0.9976    0.9961    0.9974    0.9686    0.1032   0.01122   0.01095
    75/199     19.1G   0.01894  0.002426  0.001717   0.02309        35       512    0.9986    0.9951    0.9973    0.9708    0.1031   0.01114   0.01092
    76/199     19.1G    0.0242  0.002394  0.002136   0.02873        40       512    0.9985    0.9951    0.9977    0.9717    0.1031    0.0114   0.01096
    77/199     19.1G   0.02059  0.002358  0.001882   0.02483        32       512    0.9976    0.9962    0.9977    0.9722    0.1031   0.01137   0.01099
    78/199     19.1G   0.02409  0.002376  0.002203   0.02867        32       512    0.9979    0.9959    0.9977    0.9728    0.1031    0.0116   0.01091
    79/199     19.1G   0.02492  0.002327  0.002264   0.02951        29       512    0.9976    0.9962    0.9978    0.9722    0.1031    0.0115   0.01092
    80/199     19.1G   0.02382  0.002368  0.002094   0.02828        35       512    0.9983    0.9954    0.9976    0.9732    0.1031   0.01186   0.01089
    81/199     19.1G   0.02423  0.002349    0.0022   0.02878        35       512     0.998    0.9963    0.9978    0.9729    0.1031   0.01166   0.01082
    82/199     19.1G    0.0212  0.002343   0.00195    0.0255        30       512    0.9984    0.9963    0.9975    0.9735    0.1031   0.01195   0.01081
    83/199     19.1G   0.02434  0.002295  0.002219   0.02885        32       512    0.9987    0.9958    0.9977    0.9747     0.103    0.0118   0.01088
    84/199     19.1G   0.02458  0.002303  0.002165   0.02905        26       512    0.9987    0.9964    0.9977    0.9741    0.1031   0.01237   0.01089
    85/199     19.1G   0.02456  0.002233  0.002255   0.02904        35       512     0.998    0.9968     0.998    0.9761     0.103   0.01194   0.01085
    86/199     19.1G   0.02225  0.002189  0.002015   0.02646        40       512    0.9982    0.9964    0.9977    0.9761     0.103   0.01218   0.01081
    87/199     19.1G   0.02181  0.002226  0.001922   0.02596        38       512    0.9987    0.9959    0.9979    0.9762     0.103   0.01202   0.01071
    88/199     19.1G   0.02578  0.002261  0.002364   0.03041        32       512    0.9974    0.9972    0.9978    0.9766     0.103   0.01215   0.01068
    89/199     19.1G   0.02435  0.002184  0.002212   0.02875        30       512    0.9987    0.9965     0.998    0.9756     0.103   0.01206   0.01061
    90/199     19.1G   0.02345  0.002218  0.002136    0.0278        32       512    0.9983    0.9966    0.9978    0.9773     0.103     0.012   0.01062
    91/199     19.1G   0.02199  0.002168  0.002015   0.02617        25       512    0.9983    0.9968     0.998    0.9779    0.1029   0.01213   0.01057
    92/199     19.1G   0.02168  0.002192  0.001962   0.02584        41       512    0.9987    0.9966     0.998    0.9781    0.1029   0.01225   0.01065
    93/199     19.1G   0.02544  0.002087  0.002362   0.02988        27       512    0.9982    0.9971    0.9979    0.9779     0.103    0.0124   0.01067
    94/199     19.1G   0.02513   0.00217  0.002304    0.0296        33       512    0.9982    0.9972    0.9979    0.9785    0.1029   0.01243   0.01078
    95/199     19.1G   0.02227  0.002095  0.001995   0.02636        32       512    0.9987    0.9967     0.998    0.9784    0.1029   0.01257   0.01065
    96/199     19.1G   0.01664  0.002099  0.001519   0.02025        40       512    0.9988     0.997    0.9981    0.9793    0.1029   0.01265   0.01067
    97/199     19.1G   0.02183  0.002141  0.001984   0.02596        51       512    0.9988    0.9968    0.9979    0.9783    0.1029   0.01247   0.01068
    98/199     19.1G   0.02369  0.002069  0.002153   0.02792        32       512    0.9984    0.9976    0.9981    0.9797    0.1029    0.0128   0.01071
    99/199     19.1G   0.02495  0.002014  0.002283   0.02925        30       512    0.9987    0.9974     0.998    0.9786    0.1029   0.01311   0.01075
   100/199     19.1G   0.02397  0.002007  0.002162   0.02814        34       512    0.9988    0.9972    0.9982    0.9803    0.1029   0.01298   0.01074
   101/199     19.1G   0.02153  0.002029  0.001994   0.02556        44       512    0.9991     0.997    0.9983    0.9813    0.1028   0.01288   0.01065
   102/199     19.1G   0.02202  0.002052  0.002013   0.02609        40       512    0.9987    0.9972    0.9982    0.9808    0.1029   0.01285   0.01059
   103/199     19.1G   0.02024  0.002036  0.001853   0.02413        32       512    0.9988    0.9974     0.998    0.9803    0.1029   0.01313   0.01065
   104/199     19.1G   0.02392  0.002017   0.00217   0.02811        33       512     0.999    0.9971    0.9981    0.9812    0.1028   0.01297   0.01072
   105/199     19.1G   0.01889  0.001986  0.001725    0.0226        44       512     0.999     0.997    0.9982    0.9815    0.1028   0.01307   0.01077
   106/199     19.1G   0.02136  0.002003   0.00193   0.02529        50       512    0.9987    0.9975    0.9982     0.982    0.1028   0.01325    0.0108
   107/199     19.1G   0.02314  0.001997  0.002141   0.02728        33       512    0.9988    0.9974    0.9982    0.9817    0.1028   0.01339   0.01082
   108/199     19.1G   0.02086  0.001957  0.001892    0.0247        36       512    0.9989    0.9972    0.9983    0.9828    0.1028   0.01316   0.01082
   109/199     19.1G   0.02121  0.001955  0.001919   0.02508        50       512    0.9987    0.9977    0.9983    0.9825    0.1028   0.01332   0.01083
   110/199     19.1G   0.02027  0.001944  0.001873   0.02409        25       512    0.9987    0.9975    0.9983    0.9821    0.1028   0.01329   0.01084
   111/199     19.1G   0.02185  0.001921  0.002006   0.02578        29       512    0.9988    0.9971    0.9983    0.9828    0.1028   0.01342   0.01081
   112/199     19.1G   0.02332   0.00192  0.002112   0.02735        36       512    0.9984    0.9976    0.9982    0.9829    0.1027   0.01334    0.0108
   113/199     19.1G   0.02206  0.002008  0.002033    0.0261        27       512    0.9986    0.9975    0.9982     0.983    0.1027   0.01348    0.0108
   114/199     19.1G    0.0249  0.001919  0.002319   0.02914        29       512    0.9987    0.9973    0.9983    0.9833    0.1027   0.01355   0.01079
   115/199     19.1G   0.02306  0.001927   0.00212   0.02711        36       512    0.9991    0.9971    0.9983    0.9833    0.1027    0.0135   0.01079
   116/199     19.1G   0.02244  0.001831   0.00211   0.02638        35       512    0.9986    0.9977    0.9984    0.9834    0.1027   0.01358   0.01079
   117/199     19.1G   0.02005  0.001868  0.001859   0.02378        33       512    0.9993    0.9973    0.9983     0.983    0.1028    0.0137   0.01077
   118/199     19.1G    0.0209  0.001863  0.001911   0.02468        42       512    0.9993     0.997    0.9984    0.9837    0.1027   0.01376   0.01077
   119/199     19.1G   0.01991  0.001891  0.001824   0.02363        26       512     0.999    0.9974    0.9984    0.9836    0.1027   0.01388   0.01075
   120/199     19.1G   0.02262  0.001866  0.002078   0.02656        33       512    0.9987    0.9976    0.9984    0.9843    0.1027   0.01382   0.01075
   121/199     19.1G    0.0219  0.001858  0.002005   0.02576        34       512    0.9987    0.9975    0.9984    0.9843    0.1027   0.01391   0.01073
   122/199     19.1G   0.02169  0.001833  0.001966   0.02549        35       512    0.9989    0.9974    0.9985    0.9842    0.1027   0.01409   0.01069
   123/199     19.1G   0.02071  0.001814  0.001927   0.02445        36       512    0.9992    0.9972    0.9984    0.9846    0.1027   0.01419   0.01068
   124/199     19.1G   0.02625  0.001813    0.0024   0.03046        38       512    0.9986    0.9976    0.9985    0.9851    0.1027   0.01418   0.01069
   125/199     19.1G   0.02311  0.001804  0.002145   0.02706        35       512    0.9987    0.9974    0.9985    0.9847    0.1027   0.01416   0.01068
   126/199     19.1G   0.01957  0.001762  0.001788   0.02312        41       512    0.9985    0.9976    0.9985    0.9845    0.1027   0.01422   0.01069
   127/199     19.1G   0.02653  0.003665  0.005259   0.03545        38       512    0.9977    0.9925    0.9955     0.943    0.1037    0.0125   0.01058
   128/199     19.1G   0.02376  0.002985  0.003287   0.03003        37       512    0.9874    0.9734    0.9945    0.8824    0.1049   0.01194   0.01084
   129/199     19.1G   0.01913   0.00375  0.002068   0.02495        25       512    0.7564    0.8372    0.8615    0.7253    0.1061   0.01049   0.01459
   130/199     19.1G   0.02883   0.00349  0.003197   0.03552        47       512    0.9159    0.9109    0.9691    0.8516    0.1052   0.01002   0.01193
   131/199     19.1G   0.02002  0.004291  0.002436   0.02675        43       512    0.9659     0.955    0.9884    0.8889    0.1048  0.009695   0.01116
   132/199     19.1G   0.02661  0.006751  0.003302   0.03667        46       512    0.5605    0.7806    0.6567    0.3773    0.1132   0.01523   0.01483
   133/199     19.1G   0.02933  0.006131  0.003098   0.03856        45       512    0.4218    0.6037    0.4848    0.1909    0.1185   0.02559   0.01519
   134/199     19.1G   0.02568  0.004481  0.002439    0.0326        25       512    0.4955    0.7856    0.6463    0.3445    0.1148   0.01955    0.0143
   135/199     19.1G    0.0284  0.006039  0.004771    0.0392        36       512    0.5299    0.7435    0.6348    0.3207    0.1152   0.01909   0.01438
   136/199     19.1G   0.02996  0.007218   0.00408   0.04126        44       512    0.4957    0.6952    0.5974    0.2648    0.1172   0.02156    0.0148
   137/199     19.1G   0.02898  0.007145  0.003513   0.03963        36       512    0.5659    0.6961    0.6144    0.2732    0.1168   0.01988   0.01492
   138/199     19.1G   0.02939  0.005013   0.00296   0.03737        30       512    0.6131     0.824    0.6932    0.4008    0.1135   0.01729   0.01367
   139/199     19.1G   0.02813  0.004532  0.002615   0.03528        46       512    0.7723    0.7575    0.8397    0.5929    0.1103   0.01464   0.01251
   140/199     19.1G   0.02906  0.004252   0.00269   0.03601        29       512    0.8952    0.8412    0.9326    0.7319     0.108    0.0121   0.01167
   141/199     19.1G     0.028    0.0039  0.002549   0.03445        43       512    0.9471    0.9033    0.9688    0.8012    0.1065   0.01029   0.01123
   142/199     19.1G   0.02526  0.003667  0.002333   0.03126        23       512    0.9697    0.9333    0.9827    0.8345    0.1053  0.009289   0.01102
   143/199     19.1G   0.02939   0.00349  0.002648   0.03553        48       512    0.9727    0.9522     0.988     0.857    0.1044  0.008929   0.01089
   144/199     19.1G   0.02282  0.003372  0.002044   0.02823        47       512    0.9782    0.9601    0.9905    0.8723    0.1038  0.008935   0.01083
   145/199     19.1G   0.02503  0.003347   0.00223   0.03061        24       512    0.9816    0.9655    0.9919    0.8852    0.1034   0.00908   0.01082
   146/199     19.1G    0.0237   0.00314  0.002218   0.02906        34       512     0.984      0.97    0.9927    0.8955    0.1032  0.009256   0.01081
   147/199     19.1G   0.02457  0.003089  0.002148    0.0298        53       512    0.9837    0.9755    0.9934    0.9028     0.103  0.009432   0.01081
   148/199     19.1G   0.02334  0.003049  0.002149   0.02854        37       512    0.9886     0.975     0.994    0.9095    0.1029  0.009611   0.01083
   149/199     19.1G   0.02822  0.003047  0.002553   0.03382        45       512    0.9885    0.9791    0.9944     0.914    0.1028  0.009761   0.01081
   150/199     19.1G   0.02236  0.002921  0.001983   0.02726        34       512    0.9906    0.9804    0.9947    0.9179    0.1027  0.009909   0.01079
   151/199     19.1G   0.02587  0.002848   0.00231   0.03102        29       512    0.9891    0.9843     0.995     0.922    0.1026   0.01005   0.01079
   152/199     19.1G   0.02312  0.002804  0.002128   0.02805        34       512    0.9899    0.9859    0.9951    0.9267    0.1026    0.0102   0.01079
   153/199     19.1G   0.02594  0.002809  0.002318   0.03107        24       512    0.9903    0.9871    0.9953    0.9304    0.1025   0.01033   0.01079
   154/199     19.1G    0.0259  0.002755  0.002289   0.03094        38       512    0.9934    0.9852    0.9954    0.9328    0.1024   0.01044   0.01079
   155/199     19.1G   0.02653  0.002748  0.002364   0.03164        35       512    0.9932    0.9866    0.9955    0.9351    0.1024   0.01055   0.01079
   156/199     19.1G   0.02596  0.002613  0.002304   0.03087        33       512    0.9932     0.988    0.9956    0.9383    0.1023   0.01065    0.0108
   157/199     19.1G   0.02796   0.00262   0.00253   0.03311        39       512    0.9942    0.9875    0.9957    0.9402    0.1023   0.01075   0.01081
   158/199     19.1G    0.0275  0.002627  0.002487   0.03261        32       512    0.9949    0.9877    0.9957    0.9418    0.1023   0.01086    0.0108
   159/199     19.1G   0.02871  0.002577  0.002557   0.03384        40       512    0.9948    0.9883    0.9958    0.9432    0.1022   0.01092   0.01078
   160/199     19.1G   0.02505  0.002521  0.002226   0.02979        32       512    0.9951    0.9883    0.9959    0.9444    0.1022   0.01101   0.01077
   161/199     19.1G    0.0287  0.002584  0.002592   0.03388        42       512    0.9937    0.9902    0.9959    0.9458    0.1022   0.01109   0.01077
   162/199     19.1G   0.02495  0.002518  0.002261   0.02972        24       512    0.9939    0.9903     0.996    0.9479    0.1021   0.01118   0.01076
   163/199     19.1G   0.02394  0.002577  0.002216   0.02873        45       512    0.9958    0.9889     0.996    0.9492    0.1021   0.01126   0.01075
   164/199     19.1G   0.02221    0.0025  0.001984   0.02669        44       512    0.9952    0.9898    0.9961    0.9503    0.1021   0.01133   0.01074
   165/199     19.1G   0.02513  0.002463  0.002279   0.02987        35       512    0.9955    0.9898    0.9962    0.9512    0.1021   0.01139   0.01073
   166/199     19.1G   0.02614  0.002485  0.002345   0.03097        29       512    0.9939    0.9919    0.9962    0.9522     0.102   0.01146   0.01072
   167/199     19.1G   0.02208  0.002373  0.001969   0.02642        22       512    0.9936    0.9923    0.9962     0.953     0.102   0.01152   0.01071
   168/199     19.1G   0.02789  0.002409  0.002515   0.03281        23       512    0.9965    0.9897    0.9963    0.9546     0.102   0.01159    0.0107
   169/199     19.1G   0.02398   0.00246  0.002164   0.02861        36       512    0.9945     0.992    0.9963    0.9559     0.102   0.01163   0.01069
   170/199     19.1G    0.0245   0.00243  0.002202   0.02913        33       512    0.9955    0.9914    0.9964    0.9564     0.102   0.01168   0.01068
   171/199     19.1G   0.02286  0.002367  0.002035   0.02726        37       512    0.9958    0.9913    0.9964    0.9578    0.1019   0.01176   0.01067
   172/199     19.1G   0.02684  0.002316  0.002376   0.03153        30       512    0.9955     0.992    0.9965    0.9581    0.1019   0.01182   0.01067
   173/199     19.1G   0.02562  0.002359  0.002287   0.03026        34       512    0.9956    0.9922    0.9965    0.9585    0.1019   0.01188   0.01067
   174/199     19.1G   0.02831  0.002257  0.002512   0.03308        31       512    0.9957    0.9922    0.9965    0.9592    0.1019   0.01193   0.01067
   175/199     19.1G   0.02127  0.002334   0.00189   0.02549        43       512    0.9953    0.9926    0.9965    0.9598    0.1019   0.01198   0.01066
   176/199     19.1G   0.02919  0.002323  0.002592   0.03411        34       512    0.9961    0.9922    0.9966    0.9611    0.1019   0.01204   0.01066
   177/199     19.1G   0.02448   0.00228  0.002087   0.02885        37       512    0.9963    0.9921    0.9966    0.9618    0.1019   0.01208   0.01066
   178/199     19.1G   0.02619  0.002375  0.002372   0.03093        34       512    0.9968    0.9918    0.9966    0.9626    0.1018   0.01213   0.01066
   179/199     19.1G   0.02193  0.002235  0.001933    0.0261        37       512    0.9967     0.992    0.9967    0.9633    0.1018   0.01217   0.01066
   180/199     19.1G   0.02269  0.002285  0.002015   0.02699        35       512     0.997    0.9918    0.9967    0.9633    0.1018   0.01222   0.01067
   181/199     19.1G   0.02715  0.003963  0.002739   0.03385        39       512    0.9965    0.9905    0.9963    0.9546     0.102   0.01156    0.0107
   182/199     19.1G   0.03057  0.003037  0.002734   0.03634        44       512     0.993    0.9869    0.9958    0.9395    0.1024   0.01107   0.01075
   183/199     19.1G   0.02564  0.002754  0.002332   0.03072        33       512    0.9901    0.9847    0.9954    0.9325    0.1025   0.01087   0.01078
   184/199     19.1G   0.02604  0.002601   0.00232   0.03097        36       512    0.9858    0.9857    0.9952    0.9296    0.1026   0.01077   0.01081
   185/199     19.1G   0.02426  0.002627  0.002186   0.02907        35       512    0.9853    0.9841    0.9951    0.9289    0.1026   0.01072   0.01082
   186/199     19.1G   0.02787  0.002516  0.002478   0.03286        37       512     0.985    0.9833     0.995     0.929    0.1026   0.01071   0.01083
   187/199     19.1G   0.03102  0.002462  0.002813   0.03629        24       512    0.9862    0.9819     0.995    0.9295    0.1026    0.0107   0.01083
   188/199     19.1G   0.02581  0.002505  0.002304   0.03062        40       512    0.9883    0.9805    0.9951    0.9311    0.1025   0.01072   0.01083
   189/199     19.1G   0.02786  0.002451  0.002493   0.03281        29       512    0.9874    0.9822    0.9951    0.9327    0.1025   0.01074   0.01083
   190/199     19.1G   0.02419  0.002361  0.002226   0.02878        40       512    0.9884     0.982    0.9952    0.9336    0.1025   0.01077   0.01082
   191/199     19.1G   0.02651  0.002383  0.002383   0.03127        30       512    0.9885    0.9826    0.9952    0.9349    0.1024    0.0108   0.01081
   192/199     19.1G   0.02642  0.002377  0.002358   0.03116        37       512    0.9911    0.9809    0.9953    0.9365    0.1024   0.01084   0.01081
   193/199     19.1G   0.02293  0.002339  0.002043   0.02731        29       512    0.9896    0.9833    0.9953    0.9383    0.1024   0.01088    0.0108
   194/199     19.1G   0.02679  0.002344  0.002377   0.03151        30       512    0.9895    0.9841    0.9954    0.9391    0.1023   0.01092    0.0108
   195/199     19.1G   0.02112   0.00236  0.001901   0.02538        28       512      0.99    0.9843    0.9954    0.9401    0.1023   0.01096   0.01079
   196/199     19.1G   0.02492  0.002344  0.002208   0.02947        35       512    0.9894    0.9857    0.9955    0.9414    0.1023     0.011   0.01079
   197/199     19.1G   0.02229  0.002277  0.001972   0.02654        46       512    0.9894    0.9864    0.9955    0.9426    0.1023   0.01104   0.01078
   198/199     19.1G    0.0263  0.002364  0.002318   0.03098        39       512    0.9918     0.985    0.9956    0.9437    0.1022   0.01108   0.01078
   199/199     19.1G   0.02314  0.002274  0.002127   0.02754        30       512    0.9923     0.985    0.9956    0.9448    0.1022   0.01111   0.01078
