     0/199     2.72G   0.05558   0.01049   0.01232   0.07839       118       512     0.528    0.7732    0.6405    0.3654    0.1177   0.01669   0.01446
     1/199     16.1G   0.04277  0.007314  0.007947   0.05803       115       512    0.7477    0.7262    0.7959    0.5193    0.1374   0.01105   0.01448
     2/199     20.4G   0.03793  0.007158  0.006166   0.05126       133       512    0.9361    0.9053    0.9605    0.7453    0.1354  0.009141   0.01223
     3/199     20.4G   0.04649  0.005985  0.005748   0.05822        91       512 0.0005616  0.001419  2.26e-05 1.183e-05    0.1613   0.01189   0.03137
     4/199     20.4G   0.03294   0.00704  0.005426   0.04541       122       512    0.8779    0.8326    0.9197    0.7166    0.1306  0.009386   0.01396
     5/199     20.4G   0.04085  0.007118  0.007052   0.05502       119       512         0         0         0         0    0.1533   0.01999   0.01592
     6/199     20.4G   0.04026  0.009416  0.007406   0.05708        90       512    0.4466    0.7839    0.5893    0.3433    0.1333   0.01144    0.0148
     7/199     20.4G   0.03827  0.008456  0.006577    0.0533       175       512    0.6792    0.7982    0.7787    0.5859    0.1256   0.00968   0.01488
     8/199     20.4G   0.04665  0.008223  0.007537   0.06242       160       512    0.4811    0.7562    0.5667    0.3359    0.1287  0.009431   0.01589
     9/199     20.4G   0.04512  0.008937  0.006994   0.06105       124       512    0.9064    0.8828    0.9498    0.7521    0.1233  0.006604   0.01154
    10/199     20.4G   0.04146  0.007785  0.005451   0.05469       160       512    0.9367    0.9343    0.9781    0.8248    0.1216   0.00577   0.01089
    11/199     20.4G   0.04054  0.007166   0.00476   0.05247        94       512    0.9838    0.9752    0.9931    0.8428    0.1217  0.005407   0.01034
    12/199     20.4G   0.03933  0.006648  0.004382   0.05036       124       512    0.9902     0.977    0.9936    0.8678    0.1209  0.004891   0.01022
    13/199     20.4G   0.04518  0.006232  0.004743   0.05615       154       512    0.9825    0.9852    0.9936    0.8644    0.1212  0.005277    0.0105
    14/199     20.4G   0.04594  0.005942  0.004791   0.05667       109       512    0.9875    0.9896    0.9944    0.8717    0.1207  0.005308   0.01034
    15/199     20.4G   0.04035  0.005721  0.004073   0.05015       206       512    0.9913    0.9926    0.9953    0.8857    0.1203  0.005085   0.01071
    16/199     20.4G   0.03867  0.005415  0.003961   0.04805        87       512    0.9917    0.9903     0.995    0.8958    0.1196   0.00503   0.01102
    17/199     20.4G   0.03953  0.005448   0.00387   0.04885       115       512    0.9854     0.992    0.9951    0.8879    0.1198  0.005287   0.01136
    18/199     20.4G   0.04445  0.005516  0.004595   0.05456       130       512     0.858    0.8618     0.926    0.6942    0.1239  0.007217    0.0131
    19/199     20.4G   0.03734  0.005723  0.004032    0.0471       130       512    0.9911    0.9922    0.9956    0.8934    0.1209  0.005585   0.01145
    20/199     20.4G   0.03728  0.005152  0.003622   0.04606       127       512    0.9935    0.9943    0.9952    0.9132    0.1208  0.005405   0.01153
    21/199     20.4G   0.04111  0.005117   0.00413   0.05036       112       512    0.9635    0.9421    0.9793    0.8305    0.1144  0.007173    0.1215
    22/199     20.4G   0.04391  0.007116  0.005885   0.05691       100       512    0.5325    0.5572    0.5137    0.3492    0.1109   0.01376   0.01593
    23/199     20.4G    0.0437  0.007097  0.006245   0.05704        91       512    0.9751    0.9553    0.9907    0.8628    0.1037   0.00576   0.01271
    24/199     20.4G   0.04631  0.006175    0.0052   0.05769       140       512     0.962    0.9662    0.9887    0.8671    0.1036  0.005738   0.01159
    25/199     20.4G   0.04029  0.006037  0.004372    0.0507       115       512     0.994    0.9906     0.995    0.8952     0.103  0.005939   0.01031
    26/199     20.4G   0.04678  0.005764  0.005288   0.05783        91       512    0.9929    0.9931     0.995    0.8992    0.1028  0.006194   0.01033
    27/199     20.4G   0.04819  0.005638  0.005393   0.05923       140       512    0.9923    0.9905     0.995    0.9015    0.1028  0.006365   0.01077
    28/199     20.4G   0.04135  0.005371  0.004361   0.05108       148       512    0.9948    0.9937    0.9951    0.9092    0.1027  0.006131    0.0108
    29/199     20.4G   0.04484  0.005147  0.004565   0.05455       111       512    0.9937    0.9943    0.9953    0.9163    0.1025  0.006093   0.01083
    30/199     20.4G     0.047  0.005303  0.004764   0.05707        82       512    0.9962    0.9954    0.9952    0.9188    0.1024  0.006259    0.0106
    31/199     20.4G   0.04214  0.005113   0.00428   0.05154       131       512     0.996    0.9941    0.9952    0.9193    0.1024  0.006556   0.01068
    32/199     20.4G   0.04303  0.005029  0.004349   0.05241       134       512    0.9925    0.9954    0.9956    0.9068    0.1027  0.006267   0.01065
    33/199     20.4G   0.04696  0.005045  0.004713   0.05672       151       512    0.9955    0.9951    0.9958    0.9296    0.1023  0.006579   0.01054
    34/199     20.4G   0.04506   0.00493  0.004483   0.05447       106       512    0.9958    0.9964    0.9958    0.9256    0.1024  0.006519   0.01041
    35/199     20.4G    0.0436   0.00484  0.004316   0.05276        96       512    0.9956    0.9969    0.9957    0.9296    0.1023  0.006517   0.01045
    36/199     20.4G   0.04266  0.004672  0.004165   0.05149        95       512    0.9964    0.9964    0.9959    0.9335    0.1022  0.006548    0.0105
    37/199     20.4G   0.03952  0.004736  0.003855   0.04811       166       512    0.9958     0.997    0.9958    0.9277    0.1023  0.006768   0.01048
    38/199     20.4G   0.04533  0.004534  0.004348   0.05421       115       512    0.9968    0.9968    0.9962    0.9365    0.1021  0.006819   0.00971
    39/199     20.4G   0.04308  0.004566  0.004117   0.05177        91       512    0.9958    0.9966    0.9956    0.9376    0.1021  0.006691  0.009341
    40/199     20.4G   0.04086   0.00435  0.003981   0.04919        81       512    0.9958    0.9978    0.9961    0.9397    0.1021  0.006915  0.009808
    41/199     20.4G   0.04067  0.004423  0.004035   0.04913       107       512    0.9958     0.997     0.996    0.9448    0.1019  0.006713   0.01023
    42/199     20.4G   0.03851  0.004328  0.003763    0.0466       143       512    0.9966    0.9954    0.9959    0.9405     0.102  0.006821    0.0105
    43/199     20.4G   0.04808  0.004378  0.004601   0.05706       179       512    0.9967    0.9975    0.9963    0.9302    0.1022  0.006953   0.01046
    44/199     20.4G   0.03719  0.004304  0.003548   0.04504       110       512    0.9934    0.9948    0.9967    0.9001    0.1029  0.007137   0.01048
    45/199     20.4G   0.04524  0.004307   0.00431   0.05386        99       512    0.9966    0.9975     0.996    0.9409     0.102  0.007167   0.01046
    46/199     20.4G   0.04632  0.004165  0.004419    0.0549       112       512    0.9964    0.9971     0.996    0.9458     0.102  0.007488   0.01044
    47/199     20.4G   0.04254  0.004293  0.004093   0.05092       155       512    0.9972    0.9963     0.996    0.9361     0.102  0.007455   0.01047
    48/199     20.4G   0.04502  0.004292  0.004407   0.05372       144       512    0.9969    0.9983    0.9963    0.9365    0.1022   0.00752    0.0105
    49/199     20.4G    0.0454  0.004161   0.00434    0.0539       102       512    0.9966    0.9979    0.9957    0.9444    0.1019  0.007578   0.01049
    50/199     20.4G   0.04411  0.004183  0.004262   0.05255        94       512    0.9961    0.9984    0.9965    0.9519    0.1019  0.007602   0.01048
    51/199     20.4G   0.03996  0.004087  0.003745   0.04779       120       512     0.997    0.9981    0.9966    0.9432     0.102  0.007411   0.01057
    52/199     20.4G   0.04347  0.004253  0.004115   0.05184       106       512    0.9964    0.9973    0.9968     0.923    0.1024  0.007346    0.0105
    53/199     20.4G   0.04285  0.004106  0.004118   0.05107       114       512    0.9969    0.9982    0.9966    0.9453     0.102  0.007685   0.01043
    54/199     20.4G   0.04527  0.004185  0.004292   0.05374       164       512    0.9972    0.9979     0.996    0.9306    0.1021  0.007469   0.01048
    55/199     20.4G   0.04198  0.005055  0.004417   0.05145       125       512    0.9966    0.9954    0.9955    0.9127    0.1026  0.007694    0.0105
    56/199     20.4G   0.04003  0.004366  0.003876   0.04827       113       512    0.9944    0.9963    0.9969     0.924    0.1023  0.007263   0.01062
    57/199     20.4G   0.04502  0.004306   0.00433   0.05366       145       512    0.9959    0.9972    0.9967    0.9383     0.102  0.007382   0.01041
    58/199     20.4G    0.0425  0.004123  0.004019   0.05064       103       512    0.9967    0.9976    0.9966    0.9516    0.1018  0.007468   0.01054
    59/199     20.4G   0.04953  0.004178  0.004765   0.05847       147       512    0.9965    0.9984    0.9966    0.9498    0.1019  0.007638   0.01081
    60/199     20.4G   0.04257  0.004125  0.004053   0.05075       129       512    0.9957    0.9979    0.9961    0.9531    0.1018  0.007575   0.01091
    61/199     20.4G   0.03976  0.004124  0.003832   0.04771        77       512    0.9969    0.9983    0.9965     0.952    0.1018  0.007488   0.01046
    62/199     20.4G   0.04171  0.003994  0.003971   0.04968       158       512    0.9964    0.9982    0.9965    0.9527    0.1018  0.007787   0.01049
    63/199     20.4G   0.04062  0.004064  0.003847   0.04853       152       512    0.9958    0.9984    0.9965    0.9513    0.1018  0.007641   0.01066
    64/199     20.4G   0.04329  0.004132  0.004117   0.05154       160       512    0.9968    0.9974    0.9966    0.9495    0.1018  0.008002    0.0107
    65/199     20.4G   0.04187  0.004014   0.00401    0.0499       166       512    0.9966    0.9972     0.996    0.9407    0.1019  0.008023    0.0104
    66/199     20.4G   0.04206   0.00393  0.003885   0.04987       124       512    0.9974    0.9984    0.9968    0.9612    0.1017  0.007822   0.01044
    67/199     20.4G   0.04393  0.003974  0.004211   0.05211       146       512    0.9966     0.998    0.9965    0.9492    0.1019  0.007851   0.01026
    68/199     20.4G   0.03964  0.003934  0.003745   0.04732       112       512    0.9967    0.9987    0.9971    0.9611    0.1017  0.007899    0.0103
    69/199     20.4G   0.04048  0.003948  0.003819   0.04825       158       512    0.9844    0.9773    0.9942    0.8852    0.1031  0.009058   0.01052
    70/199     20.4G   0.04044  0.003989  0.003906   0.04833       135       512    0.9961    0.9971    0.9965     0.941     0.102  0.008029   0.01033
    71/199     20.4G   0.04208  0.003828  0.004028   0.04994       142       512    0.9971    0.9978    0.9966    0.9517    0.1018  0.007934   0.01047
    72/199     20.4G   0.04342  0.003836  0.004119   0.05138       177       512    0.9981    0.9974    0.9968    0.9445    0.1019  0.008295   0.01056
    73/199     20.4G   0.03977  0.003911  0.003737   0.04742       124       512    0.9987    0.9976    0.9968    0.9593    0.1017  0.008082   0.01051
    74/199     20.4G   0.04497  0.003846  0.004231   0.05305        92       512    0.9984    0.9973    0.9968    0.9614    0.1016  0.008333   0.01032
    75/199     20.4G   0.03921  0.003783   0.00367   0.04666       119       512    0.9974    0.9991    0.9973    0.9666    0.1016  0.008301   0.01024
    76/199     20.4G   0.04419  0.003844  0.004189   0.05222       141       512    0.9978    0.9988    0.9968    0.9644    0.1015  0.008547   0.01022
    77/199     20.4G   0.04404  0.003798  0.004125   0.05196       144       512    0.9975    0.9986     0.997    0.9628    0.1016  0.008846   0.01027
    78/199     20.4G   0.04017  0.003687  0.003805   0.04766        93       512    0.9987    0.9972    0.9967    0.9654    0.1016  0.008175    0.0103
    79/199     20.4G   0.04301  0.003694  0.004131   0.05084       101       512    0.9988    0.9972    0.9969    0.9582    0.1017  0.008554    0.0103
    80/199     20.4G   0.04395  0.003763  0.004137   0.05185       117       512    0.9973     0.999    0.9971    0.9643    0.1016  0.008277   0.01041
    81/199     20.4G   0.04198  0.003721  0.003966   0.04967        96       512    0.9987    0.9978    0.9967    0.9647    0.1015  0.008294   0.01029
    82/199     20.4G   0.04646  0.003767  0.004324   0.05455        96       512    0.9964    0.9981    0.9967    0.8973    0.1028  0.008564   0.01035
    83/199     20.4G   0.04144  0.003709  0.003904   0.04905       139       512    0.9985    0.9975    0.9966    0.9622    0.1015   0.00861   0.01011
    84/199     20.4G   0.04551   0.00381  0.004165   0.05348       161       512    0.9988    0.9975    0.9968    0.9672    0.1015  0.008213  0.009878
    85/199     20.4G   0.04154  0.003855  0.004066   0.04946       140       512    0.9991    0.9967    0.9965    0.9566    0.1016  0.008806   0.01029
    86/199     20.4G   0.04532  0.003682  0.004162   0.05316       122       512    0.9977    0.9986    0.9964    0.9403     0.102  0.008579   0.01018
    87/199     20.4G     0.044  0.003862  0.004138     0.052       104       512    0.9968    0.9974    0.9961    0.9127    0.1024  0.008703  0.009936
    88/199     20.4G   0.04257  0.003869  0.004167   0.05061       124       512    0.9971    0.9987    0.9964    0.9402     0.102  0.008545   0.01036
    89/199     20.4G   0.03782  0.003694  0.003601   0.04511       110       512    0.9984    0.9985    0.9969    0.9664    0.1015  0.008618   0.01033
    90/199     20.4G   0.04162  0.003753  0.003921   0.04929       155       512    0.9985    0.9984    0.9968    0.9673    0.1015  0.008575   0.01027
    91/199     20.4G   0.04211  0.003708   0.00404   0.04986       169       512    0.9979     0.999    0.9968    0.9617    0.1016  0.008505   0.01021
    92/199     20.4G   0.04349  0.003627  0.004098   0.05122       138       512    0.9994    0.9978     0.997    0.9693    0.1014  0.008586   0.01018
    93/199     20.4G   0.04362  0.003646   0.00419   0.05146       104       512    0.9987    0.9989    0.9967    0.9615    0.1017  0.009001   0.01018
    94/199     20.4G   0.03955  0.003682  0.003767     0.047       108       512    0.9989    0.9985    0.9969    0.9727    0.1014  0.008631   0.01021
    95/199     20.4G   0.03619  0.003607  0.003359   0.04315        97       512    0.9989    0.9979    0.9969    0.9652    0.1015  0.008659   0.01006
    96/199     20.4G   0.04072  0.003705  0.003846   0.04827       123       512    0.9988    0.9982     0.997    0.9709    0.1014  0.008983   0.01013
    97/199     20.4G   0.04559  0.003664  0.004272   0.05352       124       512    0.9975    0.9992    0.9964    0.9324    0.1022  0.008996   0.01024
    98/199     20.4G   0.04014   0.00359  0.003656   0.04739        76       512    0.9984    0.9985     0.997    0.9665    0.1015  0.008673   0.01015
    99/199     20.4G   0.04378  0.003661  0.003972   0.05141       166       512    0.9985     0.999    0.9973    0.9686    0.1015   0.00866  0.009989
   100/199     20.4G   0.04204  0.003854  0.003699   0.04959       160       512    0.9865    0.9896    0.9966     0.843     0.104  0.009406  0.009867
   101/199     20.4G   0.04243  0.003941  0.003805   0.05018       110       512    0.9975    0.9985    0.9969    0.9556    0.1017  0.008624   0.01004
   102/199     20.4G   0.04203  0.003792  0.003984   0.04981       118       512    0.9976     0.999    0.9971     0.964    0.1015  0.008102   0.01024
   103/199     20.4G   0.03812  0.003626  0.003505   0.04525       158       512    0.9987    0.9984    0.9968    0.9657    0.1015  0.008206   0.01012
   104/199     20.4G   0.04024   0.00368  0.003589   0.04751       137       512    0.9986    0.9985    0.9969    0.9703    0.1014  0.008622   0.01036
   105/199     20.4G   0.04188  0.003659  0.003865   0.04941       109       512    0.9989    0.9981    0.9971      0.97    0.1014  0.008378   0.01032
   106/199     20.4G   0.04129  0.003583  0.003888   0.04877       120       512    0.9986    0.9981     0.997    0.9647    0.1015  0.008358   0.01026
   107/199     20.4G   0.03928  0.003504  0.003523    0.0463       140       512    0.9988    0.9983    0.9968    0.9675    0.1015  0.008544   0.01015
   108/199     20.4G   0.03888  0.003463   0.00354   0.04589       127       512    0.9989    0.9982    0.9971    0.9713    0.1014  0.008515   0.01016
   109/199     20.4G   0.03741  0.003489  0.003256   0.04415        75       512    0.9991    0.9981    0.9969    0.9723    0.1013  0.008758  0.009991
   110/199     20.4G   0.03781  0.003823  0.003482   0.04512       104       512    0.9987    0.9986    0.9971    0.9677    0.1015   0.00853   0.01001
   111/199     20.4G   0.04009  0.003699  0.003094   0.04688       102       512    0.9984    0.9981     0.997     0.953    0.1018  0.008401  0.009974
   112/199     20.4G    0.0419  0.003683  0.003711   0.04929       154       512    0.9996     0.998     0.997    0.9689    0.1015  0.008457   0.01015
   113/199     20.4G   0.04067  0.003677   0.00328   0.04763       154       512    0.9992    0.9978    0.9967    0.9586    0.1016  0.008634   0.01068
   114/199     20.4G   0.04111  0.003834  0.003423   0.04836       130       512    0.9975    0.9989    0.9971     0.965    0.1015  0.007876    0.0107
   115/199     20.4G   0.04327  0.003595  0.003652   0.05051       171       512    0.9988    0.9978    0.9971    0.9685    0.1015  0.007673   0.01067
   116/199     20.4G   0.04147   0.00362  0.003347   0.04843       123       512    0.9978    0.9987    0.9972    0.9676    0.1015  0.007889   0.01072
   117/199     20.4G   0.03891  0.003703  0.003154   0.04577       116       512    0.9984    0.9981    0.9971    0.9635    0.1015    0.0078   0.01066
   118/199     20.4G   0.03852  0.003617  0.003452   0.04558       174       512    0.9987    0.9982    0.9971    0.9717    0.1014  0.007722    0.0109
   119/199     20.4G   0.04522  0.003646  0.003782   0.05264       184       512    0.9973    0.9993    0.9972    0.9631    0.1015   0.00788   0.01061
   120/199     20.4G   0.04101  0.003647  0.003274   0.04793       169       512     0.999    0.9986    0.9966     0.971    0.1013  0.008498   0.01061
   121/199     20.4G   0.03603  0.003837  0.002677   0.04254       130       512    0.9992    0.9982    0.9975    0.9639    0.1015  0.008802   0.01064
   122/199     20.4G   0.03888  0.003898  0.003197   0.04598       106       512     0.999    0.9983    0.9975    0.9679    0.1014  0.008719   0.01108
   123/199     20.4G   0.04231  0.003781  0.003249   0.04935       145       512    0.9976    0.9988    0.9974    0.9418    0.1019  0.008453   0.01134
   124/199     20.4G   0.04033  0.003725  0.003361   0.04741       117       512    0.9973    0.9992    0.9969    0.9662    0.1014  0.008078   0.01055
   125/199     20.4G   0.04236  0.003693  0.003798   0.04986       171       512    0.9991     0.998     0.997    0.9693    0.1014  0.008104  0.009918
   126/199     20.4G   0.04013   0.00362  0.003435   0.04719       110       512    0.9969    0.9987    0.9969    0.9405    0.1019  0.008277   0.01015
   127/199     20.4G   0.04329  0.003658  0.003547   0.05049       133       512    0.9976    0.9986    0.9973      0.97    0.1014  0.008268  0.009767
   128/199     20.4G   0.04429  0.003873  0.003888   0.05205       134       512    0.9992    0.9972     0.997    0.9705    0.1014  0.007764   0.01036
   129/199     20.4G   0.04184  0.003639  0.003884   0.04936       121       512    0.9987    0.9977    0.9969    0.9653    0.1015  0.007775   0.01059
   130/199     20.4G   0.03882  0.003548  0.003187   0.04556       167       512    0.9986    0.9977    0.9971    0.9725    0.1013  0.007838   0.01043
   131/199     20.4G   0.04901  0.003694  0.004211   0.05692       169       512    0.9988    0.9978    0.9971    0.9734    0.1013  0.007901    0.0104
   132/199     20.4G   0.03893  0.003449  0.003347   0.04573       103       512    0.9987    0.9979    0.9971    0.9697    0.1014  0.007943   0.01053
   133/199     20.4G   0.04313  0.003432  0.003737    0.0503        58       512     0.999    0.9975    0.9972    0.9746    0.1013  0.008045   0.01045
   134/199     20.4G   0.03921  0.003504  0.003452   0.04617       184       512    0.9993    0.9973    0.9972    0.9751    0.1012  0.008133    0.0104
   135/199     20.4G   0.04182  0.003541  0.003544   0.04891        96       512     0.999     0.998    0.9971    0.9713    0.1013   0.00825   0.01033
   136/199     20.4G   0.04263  0.003354  0.003678   0.04966       125       512     0.999    0.9981    0.9974    0.9761    0.1012  0.008305   0.01026
   137/199     20.4G   0.04234  0.003449  0.003667   0.04945       124       512    0.9986    0.9979     0.997    0.9612    0.1015  0.008441   0.01036
   138/199     20.4G   0.03855  0.003503  0.003549    0.0456       104       512    0.9991    0.9974     0.997    0.9606    0.1015  0.008526   0.01033
   139/199     20.4G   0.03844  0.003385  0.003271    0.0451       113       512    0.9997    0.9978    0.9975    0.9772    0.1012  0.008599   0.01033
   140/199     20.4G   0.04271  0.003427  0.003812   0.04995       176       512    0.9999    0.9973    0.9974    0.9767    0.1012  0.008576    0.0103
   141/199     20.4G   0.04403  0.003404  0.004072    0.0515       170       512    0.9997    0.9976    0.9974     0.978    0.1012  0.008577   0.01033
   142/199     20.4G   0.03588  0.003421  0.002869   0.04217       141       512    0.9993     0.998    0.9974    0.9785    0.1012  0.008593    0.0104
   143/199     20.4G   0.03996  0.003357  0.003772   0.04709       106       512    0.9993    0.9981    0.9974    0.9783    0.1012   0.00862   0.01051
   144/199     20.4G   0.04517  0.003342  0.004114   0.05263       115       512    0.9984    0.9982    0.9971    0.9525    0.1017  0.008614   0.01046
   145/199     20.4G   0.04088  0.003376  0.003399   0.04766       105       512    0.9991    0.9986    0.9974    0.9786    0.1012  0.008766   0.01027
   146/199     20.4G   0.03949  0.003365  0.003328   0.04618        80       512    0.9995     0.998    0.9973    0.9769    0.1012  0.008867   0.01015
   147/199     20.4G   0.03896  0.003346  0.003542   0.04585       148       512    0.9995    0.9977    0.9974     0.977    0.1012  0.008822   0.01004
   148/199     20.4G   0.04617  0.003388  0.003879   0.05344       100       512    0.9993    0.9981    0.9974    0.9764    0.1012  0.008753  0.009992
   149/199     20.4G    0.0433   0.00355  0.003458   0.05031       116       512    0.9995     0.998    0.9974    0.9783    0.1012  0.008751   0.01003
   150/199     20.4G   0.03667  0.003572   0.00295   0.04319        90       512    0.9994    0.9982    0.9974    0.9789    0.1012  0.008821   0.01004
   151/199     20.4G   0.04459  0.003668  0.003654   0.05191       171       512    0.9992    0.9985    0.9975    0.9781    0.1012  0.008794   0.01006
   152/199     20.4G   0.04076  0.003598   0.00322   0.04758       132       512    0.9992     0.998    0.9973    0.9692    0.1014  0.008818   0.01004
   153/199     20.4G   0.04378  0.003513  0.003353   0.05065       117       512    0.9991    0.9983    0.9976    0.9775    0.1012  0.008856  0.009951
   154/199     20.4G   0.04616  0.003619  0.004374   0.05415        93       512    0.9989    0.9985    0.9975    0.9775    0.1012  0.008756  0.009652
   155/199     20.4G   0.04346  0.003504  0.003765   0.05073       110       512    0.9989    0.9982    0.9976    0.9778    0.1012  0.008725   0.00953
   156/199     20.4G   0.04383  0.003393  0.003657   0.05088       156       512    0.9994    0.9976    0.9975    0.9773    0.1012  0.008768  0.009543
   157/199     20.4G    0.0441  0.003546  0.003991   0.05163        89       512    0.9993    0.9975    0.9975     0.977    0.1012  0.008733  0.009499
   158/199     20.4G    0.0433  0.003461  0.003666   0.05043       122       512    0.9991    0.9978    0.9975    0.9776    0.1012   0.00871  0.009555
   159/199     20.4G   0.03975  0.003414  0.003399   0.04657       117       512    0.9991    0.9977    0.9974    0.9764    0.1012  0.008717  0.009605
   160/199     20.4G    0.0385  0.003332  0.003242   0.04507       153       512    0.9984    0.9984    0.9975    0.9785    0.1012  0.008709  0.009619
   161/199     20.4G   0.04037  0.003316  0.003426   0.04712       129       512    0.9987    0.9981    0.9974    0.9785    0.1012  0.008732  0.009495
   162/199     20.4G   0.04142  0.003328   0.00326   0.04801       134       512    0.9983    0.9983    0.9974    0.9787    0.1012  0.008787  0.009376
   163/199     20.4G   0.04121  0.003409  0.003439   0.04806       104       512    0.9985    0.9982    0.9975    0.9787    0.1012  0.008827  0.009292
   164/199     20.4G   0.04007  0.003409  0.003618    0.0471       106       512    0.9989    0.9981    0.9975    0.9788    0.1012  0.008881  0.009273
   165/199     20.4G    0.0439  0.003334  0.003665    0.0509       108       512    0.9989    0.9982    0.9975     0.979    0.1012  0.008945  0.009212
   166/199     20.4G   0.04524   0.00328  0.003882    0.0524       128       512     0.999    0.9978    0.9974    0.9789    0.1012  0.009017  0.009219
   167/199     20.4G   0.03948  0.003402  0.003294   0.04617       128       512    0.9991    0.9978    0.9974    0.9788    0.1012  0.009097   0.00921
   168/199     20.4G   0.04339  0.003418  0.003421   0.05023       106       512    0.9991    0.9978    0.9974    0.9791    0.1012  0.009136  0.009193
   169/199     20.4G   0.04294  0.003359  0.003321   0.04962       196       512     0.999    0.9979    0.9974    0.9792    0.1012   0.00921  0.009191
   170/199     20.4G   0.04059  0.003464  0.003095   0.04715       139       512    0.9992    0.9978    0.9973    0.9791    0.1012  0.009286   0.00919
   171/199     20.4G   0.03852  0.003282   0.00294   0.04475       126       512    0.9991    0.9978    0.9972    0.9778    0.1012  0.009313  0.009195
   172/199     20.4G   0.04335   0.00333  0.003575   0.05025       124       512    0.9993    0.9979    0.9973    0.9786    0.1012  0.009304   0.00919
   173/199     20.4G    0.0415  0.003361  0.003263   0.04812       131       512    0.9994    0.9977    0.9973    0.9791    0.1012  0.009336  0.009173
   174/199     20.4G   0.04259  0.003318  0.003731   0.04964       140       512    0.9992    0.9979    0.9973    0.9788    0.1012  0.009367  0.009148
   175/199     20.4G   0.04264  0.003405  0.003783   0.04983       120       512    0.9992    0.9977    0.9972    0.9749    0.1013  0.009382  0.009127
   176/199     20.4G   0.04005  0.003316  0.003385   0.04675        87       512    0.9993     0.998    0.9973    0.9775    0.1012  0.009398  0.009109
   177/199     20.4G   0.04215  0.003341  0.003443   0.04893       119       512    0.9993    0.9981    0.9973    0.9767    0.1012  0.009409  0.009114
   178/199     20.4G   0.04024   0.00338  0.003311   0.04693       151       512    0.9993    0.9981    0.9973     0.976    0.1013  0.009439  0.009136
   179/199     20.4G   0.04118  0.003408  0.003675   0.04826        97       512    0.9993    0.9982    0.9973    0.9765    0.1013  0.009453  0.009142
   180/199     20.4G   0.04552  0.003285  0.003764   0.05257       145       512    0.9993    0.9982    0.9973    0.9761    0.1013   0.00946  0.009141
   181/199     20.4G     0.041  0.003305   0.00311   0.04741       105       512    0.9993    0.9982    0.9973    0.9769    0.1012  0.009484  0.009116
   182/199     20.4G   0.04254  0.003286  0.003458   0.04928        85       512    0.9995     0.998    0.9974    0.9775    0.1012  0.009512  0.009086
   183/199     20.4G   0.03919  0.003321   0.00299    0.0455        72       512    0.9993    0.9981    0.9974    0.9758    0.1013  0.009533   0.00905
   184/199     20.4G   0.03967  0.003312  0.003366   0.04635       106       512    0.9992    0.9982    0.9972    0.9723    0.1013  0.009532  0.009023
   185/199     20.4G   0.04366  0.003264  0.003472   0.05039       109       512    0.9993    0.9981    0.9973    0.9748    0.1013   0.00953  0.008971
   186/199     20.4G   0.04512  0.003217  0.003806   0.05214       180       512    0.9994     0.998    0.9973    0.9771    0.1012  0.009529  0.008918
   187/199     20.4G   0.03733  0.003324  0.003157   0.04381        70       512    0.9996    0.9977    0.9972    0.9736    0.1013  0.009553   0.00891
   188/199     20.4G   0.04757  0.003383  0.003778   0.05473       110       512    0.9993    0.9981    0.9973    0.9748    0.1013  0.009606  0.008879
   189/199     20.4G   0.03808  0.003303  0.002772   0.04416       116       512    0.9996    0.9978    0.9973    0.9771    0.1012  0.009647  0.008842
   190/199     20.4G   0.04104  0.003304  0.003482   0.04782       127       512    0.9992    0.9982    0.9973    0.9765    0.1012  0.009674  0.008816
   191/199     20.4G   0.04086  0.003272  0.003307   0.04743       136       512    0.9994    0.9981    0.9973    0.9775    0.1012  0.009669  0.008795
   192/199     20.4G   0.03889  0.003313   0.00309   0.04529       141       512    0.9995     0.998    0.9972    0.9765    0.1012  0.009651  0.008794
   193/199     20.4G   0.04072   0.00333  0.002996   0.04704        86       512    0.9993    0.9982    0.9973    0.9771    0.1012  0.009641  0.008763
   194/199     20.4G   0.04393  0.003249  0.003626   0.05081       123       512    0.9995    0.9979    0.9973    0.9784    0.1012  0.009626  0.008731
   195/199     20.4G   0.03598  0.003297  0.003251   0.04253       125       512    0.9993    0.9981    0.9972     0.976    0.1013   0.00961  0.008712
   196/199     20.4G   0.04116  0.003248  0.003396    0.0478       148       512    0.9993     0.998    0.9972    0.9754    0.1013  0.009601  0.008693
   197/199     20.4G   0.04155  0.003228  0.003268   0.04804       126       512    0.9987    0.9986    0.9972    0.9765    0.1012  0.009606  0.008673
   198/199     20.4G   0.04068  0.003371  0.003201   0.04725       132       512    0.9993    0.9981    0.9973    0.9772    0.1012   0.00961  0.008665
   199/199     20.4G   0.04325   0.00334  0.003535   0.05012       126       512    0.9986    0.9988    0.9972    0.9772    0.1012  0.009609  0.008652
